x0,x1,x2,x3,x4,x5,x6,x7,x8,x9,f1,f2
0.7668370803930944,0.49769172170664516,0.04496999313740148,0.12580375810687516,0.0533063280075055,0.35486404918495446,0.8885298901978784,0.5205389943367172,0.8127022508614009,0.48964949653492024,0.9330439672799428,4.087386508825255
0.6956118003837696,0.6347790705081338,0.6767684259079871,0.7310234743845303,0.7712593727789188,0.7989113153539463,0.3292663452341264,0.23269396073259524,0.7081354774141118,0.3336877294274138,1.0115462937273854,3.830788094358421
0.44064471399636895,0.6914180145192395,0.5120577556284868,0.4976299396320421,0.988554060959327,0.4711628477983169,0.8138006134468103,0.4212354428241667,0.0020248145833439493,0.8469473850250773,0.9668136273604041,4.068488520533528
0.47504888040884585,0.5973271905764982,0.1560545249949536,0.30478583067254184,0.6592352583430645,0.24331821373480528,0.21271549824749703,0.9724950390182596,0.306083289316339,0.1124255081868478,0.9215373338762273,4.176386113975025
0.5195246272075071,0.6292735917103703,0.854125239683669,0.022258943675367175,0.26709043983890285,0.43035724814853793,0.3212535233363236,0.09246937518447224,0.715255503650646,0.4926992631517192,0.9568168341640612,4.017010304861068
0.6742240826059167,0.5578145060542362,0.21032670434767242,0.8522712617022106,0.7039968665549081,0.5557733613500125,0.17836268915325812,0.5130433453161881,0.3482629096361171,0.3419771408500889,0.9715776009031146,3.955275605288854
0.043348814620733256,0.27205415691361723,0.05107307906140805,0.6095206144625648,0.007301752097207933,0.4469242561699863,0.5201275804779977,0.9187411433562899,0.3612808191474037,0.1559915938228827,0.7274636446959432,4.523826035644505
0.3164069752544082,0.3310176557736859,0.5062704195014391,0.00015752275602621334,0.8885997805200205,0.8432150551921358,0.5884603447767895,0.04299052072418105,0.5483383704419295,0.09473325571813543,0.7895261841508158,4.352644420110334
0.5039517332299424,0.5462109581204102,0.6459000104062049,0.2591627865798145,0.16073524958449018,0.8863604111631339,0.3795813685542889,0.4595325951420936,0.6874416169462696,0.3214945518084144,0.9394950153518922,4.085764001103791
0.49355665135201104,0.907715513344888,0.5736136121466161,0.6019570893007286,0.7220228141134309,0.07975584393085187,0.07750912050155723,0.33889202456729056,0.7181049765343103,0.8385336500095664,1.024174371243984,3.9317250617582338
0.6118900154487862,0.9601686638246328,0.09569626605452872,0.6483069004604735,0.5351256457521029,0.7434637242174784,0.40361141652813626,0.35366375862689015,0.16869898961177504,0.25041092188944064,0.9879458665078092,3.879669311369137
0.6149386561216513,0.386720711676102,0.42849678371327043,0.08974250635468739,0.34423869496055814,0.156324545612418,0.23924915324379065,0.7772941100510538,0.3646458700180851,0.3371382716189291,0.9151788712150635,4.133778736068062
0.455996862863486,0.9369103438209622,0.491705024742668,0.7039042382775035,0.8472258777479817,0.7459607245895397,0.7947257588429881,0.433882589811439,0.8804013876728664,0.8587858750688316,0.9525557945239814,3.8984492239169266
0.21821571000345225,0.7934032184746358,0.00137392503346786,0.17273130621475233,0.6716742088572804,0.12673515034869962,0.5274314103106654,0.6933417301442999,0.5432153209392382,0.74495669827544,0.812348506041169,4.291977676515753
0.1707329213004473,1.0,0.7239454599041453,0.26919303646861314,0.48643781027809063,0.995251206680309,0.9911020718538851,0.6331332096013459,0.6348326773641988,0.25334801130426454,0.8775993176181723,4.136566189702305
0.15767442011848465,0.877644812160032,0.26523430526562475,0.21192487762370138,0.40514718359264695,0.7933651089084526,0.49255021481321504,0.7959632151536564,0.21638562528133762,0.07733881039613132,0.8230700020506277,4.248328026764939
0.4139150843937899,0.6432602895192463,0.828106289812385,0.32302895323372965,0.9241715503839792,0.0031208054078735916,0.8143503513946305,0.8824019940406268,0.5634943342388198,0.7065046631484182,0.9360492426133614,4.057200536516677
0.33835058815451974,0.6586885772031836,0.42597818091332873,0.09325491733060554,0.8839794220837832,0.45315742400589626,0.3829254875136501,0.4629311732869041,0.5684211980986839,0.46516133858076236,0.8486800344532637,4.19196476689355
0.43566184537418584,1.0,0.12102183196631539,0.3943974539246718,0.1164597057683604,0.6990863515760068,0.6766525930141277,0.43150251888024355,0.16696413025427873,0.743364842795952,0.9628107050785172,4.07446028233246
0.2591947455992519,0.673059151831188,0.741715906101254,0.24001467645354577,0.22968221169564054,0.24414308774020255,0.920702147534546,0.8192162501493871,0.11929815032970688,0.17716337157733536,0.8519869631505289,4.165615583189446
0.07718684528886005,0.6479729292703947,0.11020908484925472,0.7439333638933601,0.7459435726127027,0.6135046019061929,0.5941939466866827,0.46998552698553986,0.8243509581178435,0.06738534730730261,0.7930897599279751,4.329275545470872
0.0901730932051995,0.7854532295630794,0.44972716454025197,0.5667482872869921,0.20170004089038143,0.07351512599137458,0.15494876769278804,0.9815971395368303,0.6245969336489914,0.2777608590455213,0.8766510295385476,4.268577404960851
0.07370490362312493,0.7685145979834128,0.38846338616962706,0.651716918035873,0.10148406641325027,0.6340845465067672,0.18591152085135998,0.24039742009813353,0.19246833860378743,0.0759875097364758,0.8627915180308339,4.2714420817342
0.2924670354094457,0.6120768602885918,0.4861529868796769,0.18466994448830237,0.21850883936713839,0.1832324829229788,0.20005458684584693,0.2272783058569628,0.572038491829385,0.7038487329728713,0.8319262131763786,4.229071747184703
0.3239386264214388,0.6864702877803243,0.6557263645929945,0.5104036087769727,0.20418362594653722,0.026081175010480174,0.5460078634656069,0.5551735577014413,0.4094429712433668,0.5935292906262535,0.9032401104239907,4.108033643697936
0.7819457965253167,0.76119455925963,0.49369129458002425,0.19753882956589033,0.503917571256527,0.3448043278824958,0.553315727985829,0.22277915425161537,0.1373787077953619,0.561148394518404,1.042623370024031,3.8834228829600637
0.5515844515499401,0.633935711853155,0.2746551193263885,0.307848160295158,0.8637212903185493,0.30932781404117476,0.797062597185784,0.9552281770599339,0.17396705567399226,0.05829649031777464,0.9295729327449719,4.04453334546062
0.24221285199029455,0.8338744102133149,0.13745829631466353,0.8674151845615723,0.9926728733779914,0.1547769112465765,0.4734915323967536,0.676268613477796,0.9260031962724046,0.6616719149297187,0.8934477368759,4.168886632358978
0.256891658451953,0.5250225298610377,0.37711085151878065,0.01027726369607816,0.6086394831225918,0.7496764791857775,0.32364687998342273,0.1694470463742212,0.5257335126573769,0.3539157657128276,0.7653863755583987,4.323843973261931
0.46531719539620187,0.8310573517604516,0.6247721710653518,0.7264197385080529,0.12392006243587932,0.7652079362285757,0.4061208144871691,0.7274113507939625,0.4805912117346185,0.31377153803285823,1.0131799972254463,3.9399851588370436
0.5808113832771926,0.630598597529044,0.6183693190390475,0.22641865896078278,0.4817884717885061,0.029566681936266576,0.3854482562779823,0.3771059031302508,0.7453039954264715,0.6933442135986332,0.973127394011834,3.9918556725928362
0.2353464813116818,0.6902627979543459,0.5009462022431986,0.7492575299514282,0.8381653727372002,0.3801526827122115,0.753370330218282,0.6187319530616527,0.39063705845657315,0.8606677085107424,0.8729578139695406,4.16313723001985
0.2634103950887085,0.5632490373267295,0.03670252810460184,0.13194830400620824,0.8925363081639389,0.021352384486619823,0.2985569379456523,0.5566826011670755,0.45760313749275894,0.708349247764906,0.8088692696850583,4.395482397173845
0.11201453661698324,0.8511918176543869,0.5235185932042492,0.9778045893318232,0.3994245026893867,0.2816410756563281,0.7671024714370629,0.9609126858474771,0.3093044185645237,0.9488775926895034,0.8704092475723445,4.126898901431645
0.451501630330613,0.36538888647861834,0.8128554899696182,0.982794023494208,0.005391876135945339,0.33795298757937553,0.6156057936127798,0.05568467598811879,0.5042659005862082,0.4810750272521974,0.9613364067344945,4.092498300763643
0.18165761661906957,0.522304667474892,0.04234776430870352,0.5584060028351611,0.30815354635669084,0.05005364266892163,0.27646814546113885,0.46630707999844495,0.0975629276823351,0.7262393244600873,0.7991281485905641,4.409605074930208
0.8337661786464464,0.3393214570521845,0.4504676034561684,0.8919104259721792,0.3776873598443592,0.7096005555242547,0.00604933786334755,0.5327700882391404,0.10653484332247723,0.92693603332272,1.013674510876974,3.9787652734359376
0.696937522214855,0.7350887446340475,0.4273636128492111,0.4708361614985297,0.13096417258754,0.14916682214744553,0.5086563630155373,0.08613483870813621,0.7340268511456836,0.7946814788327347,1.0199588222383027,3.8815719502905877
0.8123145506690235,0.5618939649487285,0.7624384662051117,0.8220102814327098,0.923521246176262,0.33007047352737656,0.1751885460927454,0.6509030555763117,0.27529200537308945,0.39393381515500075,1.0680542843645515,3.8513107020683988
0.459470823984342,0.48058715415048875,0.26719667014683657,0.42729248648151563,0.00024099897590411425,0.9443038188606678,0.9709176813081597,0.6491064567598498,0.43242969274706156,0.9530008587198779,0.8991311509087145,4.203491902943091
0.2445626538836248,0.45150786037322976,0.9351641603818359,0.8848793038075766,0.9989144592788682,0.46014527017085055,0.11751937919946338,0.2697754152818949,0.8644835344111514,0.7475683337962858,0.8674767265487598,4.181641766597262
0.46660280928371967,0.736290354241432,0.7823207013913341,0.9083396904872805,0.1438378557423614,0.565975100420809,0.658559577460225,0.7293959825495104,0.661439809547166,0.18018025532588444,1.0097934025204476,3.908042791013058
0.23881300173719244,0.7952065452323662,0.9598154480119034,0.5339056007070334,0.6417469314717904,0.7717485381223347,0.6740017200642603,0.31745510471863203,0.1546200072924262,0.6223535197285818,0.9067240812900078,4.058700524444932
0.7989786760003355,0.5382180418177445,0.4200844485467747,0.945007535765244,0.4086688748903925,0.7961267902809028,0.6445944987226291,0.017370881181058548,0.16460419188936382,0.9312589498772467,1.0460561354948168,3.91327589682778
0.33276357234108545,0.41036994765362067,0.9072893412591236,0.8161682846515842,0.14839794484537144,0.7281347967803604,0.9357173588017832,0.009689894666045697,0.9716711318888162,0.8335496166692049,0.9164370794290855,4.176771462358332
0.152348999263419,0.2870511253163808,0.024403248336475843,0.5008123539787371,0.011921974416453726,0.006392755375795822,0.8798792554131627,0.022735727597718018,0.7953005105230947,0.21660291530760276,0.7697703410917673,4.527004558117903
0.9031280068750817,0.3583276645479475,0.7189322868911988,0.300027958771175,0.1652138196626338,0.3998186073052767,0.6050619519903929,0.2381970958805728,0.773917954750887,0.2478497852287941,1.00022181546476,3.9882504651674178
0.27833151240780246,0.7529711868741725,0.5028876521245521,0.4840553152608382,0.3251821001723425,0.2178392252650387,0.13235413371314064,0.32596807063656585,0.27128549475555247,0.43363152982839126,0.8973939327921191,4.154295120510873
0.6862842005672047,0.570408472920181,0.08801446926503682,0.6958954606756063,0.8539632760888001,0.8152774013406391,0.6808188287070099,0.44961345417002013,0.9356910745463,0.3038834107129073,0.9442367253055065,3.9708643558850962
0.9943999399310882,0.6042286287666591,0.8704100667749617,0.686692948667163,0.32259332200753194,0.8554309258808989,0.42861080261425244,0.2430998754960225,0.32799897227853975,0.4694642515158594,1.0707486952302612,3.7902630493089413
0.8076112302727206,0.5675399388107911,0.5624121026682202,0.9344602283482636,0.3401070178845276,0.21424859673693097,0.21160256212228343,0.7553122839408786,0.20494449550795915,0.49951017690929556,1.0549739277689567,3.864461913137263
0.6040181236828718,0.5413903694703235,0.9998688110146454,0.07766577368131033,0.8688464107364158,0.9433362033601973,0.8670772127009168,0.4701754664875962,0.5226229426736604,0.7721002532839194,0.9301216832922677,3.9267356484382407
0.22558462351428962,0.7535056823717825,0.6999448638817591,0.38559572431014033,0.40655300717812,0.9650613325485058,0.5833228336188091,0.7884955985394944,0.03393985974212014,0.24304576668799477,0.871932215637077,4.150644850107304
0.3107087342865235,0.49028068545736886,0.1940275292327617,0.10611904011167295,0.5102948154689836,0.7918765225856619,0.6062744945871997,0.3502613544268472,0.4654995618155068,0.1955388841135764,0.780191175794307,4.332058445375365
0.12617220706228588,0.7619915868630481,0.877504482445759,0.5049228854910528,0.9068043343544964,0.4870509367654811,0.5317366755207275,0.7647981961231597,0.36271372298568255,0.5714423585562414,0.8634134090502709,4.150214938032256
0.4270853371698119,0.17984321691067523,0.40760142686162976,0.6161943431657682,0.1122089713628615,0.464195270242531,0.8996125263777723,0.9828679318224413,0.6283679134035494,0.9155015754362876,0.8219325837605228,4.1904563956830305
0.36587601125629815,0.5801048132597315,0.33653809119225364,0.9438210631841167,0.3883852368551733,0.5508539029777856,0.061882355454894754,0.6823200232238412,0.3111726293794227,0.5575352600174778,0.9019743033124853,4.1339447987785745
0.7251547751624845,0.516808671975557,0.14307109641187807,0.16156159440330084,0.9339956165518415,0.8254675796946136,0.3619248781180053,0.5248637252926165,0.9331690145876186,0.9679074319680641,0.8771511122488742,4.006591039096984
0.3407934130168876,0.6247923193629338,0.10482479874170456,0.2624595975205023,0.5012451149427404,0.39280125163482804,0.19107000263162977,0.519944795076494,0.32427382406413924,0.6892904511433485,0.8379106445988493,4.251698769372301
0.5437572624667537,0.767491622385926,0.9896400813134146,0.8881839857512339,0.9351186254288891,0.8635022205600961,0.7284617657930953,0.10291991380012812,0.9987102174224408,0.8807933738235593,1.0310612722470422,3.779531457154159
0.5093014802474939,0.41718150114230923,0.7659028833617485,0.4426626342386874,0.17506125725420135,0.11224885075738508,0.692162834643995,0.06219404322455351,0.20727656291561167,0.1983925667824968,0.9508053784478651,4.106940873575784
0.0,0.39507599544923,0.48593113128546817,0.6755730098346543,0.7200170834256655,0.4198974339717892,0.27440335052512554,0.1191458971849812,0.5538329588041386,0.6202601313205759,0.7462426451111156,4.415129230618401
0.1304866170829418,0.5859805365229246,0.5603957180041388,0.06634382744379466,0.2489366262964886,0.428760693472421,0.21460842555810727,0.3573571445098409,0.48446910674045096,0.11182916296207934,0.7949913578081894,4.360052472574091
0.22987538500675964,0.5500478253364542,0.7860277286598772,0.13387840895522288,0.439337539573573,0.5984113043434401,0.28083124618244615,0.5345708269515331,0.8701445845651699,0.9736974943785105,0.7876410913401625,4.229441318859799
0.0,0.19859269060139567,0.6919035682995727,0.23468030281945765,0.8972296881092545,0.030531888736763876,0.08722621908130782,0.17466208473099315,0.21422221361221935,0.27119320115346207,0.7696738176591538,4.510339033301798
0.27037007789890266,0.4941606844116766,0.7568412229941175,0.5198106884573689,0.747426136449711,0.6631749631394691,0.39130291062867134,0.3722070169667561,0.9479644993590548,0.5328631375619867,0.8241860186737016,4.199099856800618
0.23220670249323488,0.897300401183837,0.46748665072562784,0.1397988784521325,0.5157467333748867,0.12469186279741089,0.7067334744860061,0.44032247485333703,0.15110348546086957,0.019459286522316516,0.8915845396245873,4.2109242075786675
0.513753031987925,0.6285754169297406,0.5042703516823797,0.014851070991869528,0.2310907430044296,0.4581697415841599,0.7917026309288967,0.9331162621356416,0.27237210537538903,0.716284661605013,0.8998081356124368,4.055566275151035
0.05438150601415903,0.47952063459627775,0.768397556531223,0.12215215118679365,0.9610036078639397,0.8593707361445799,0.6190522102478517,0.5154963809641729,0.44685625873918267,0.030009424328873505,0.7454786827584752,4.365370305335975
0.4813496708510522,1.0,0.5766853770183237,0.8795665416410416,0.978237745443088,0.892309731993305,0.3772385833989322,0.07144737136435922,0.6144643617014107,0.38103157607314575,1.0084668107695038,3.8547594690205442
0.560873999338336,0.5103512664075531,0.2588658477625153,0.6474581112043803,0.23372184609486515,0.6698853076720099,0.0789651134446659,0.3079121335146051,0.1489409159267925,0.5256406208928113,0.9512539796968073,4.087481735343754
0.14152819319226673,0.43052359445673105,0.8408243559554824,0.3598962350651832,0.02866348944649169,0.9822194239958444,0.8118650197914641,0.999634679268745,0.4293447672939983,0.7584605123632532,0.798858671824397,4.333829540179364
0.3759282578977679,0.3059077646659698,0.9624373821930206,0.18867416757196898,0.42914137346478465,0.9618195365811654,0.2550824986868317,0.8050157021967156,0.37785577106697804,0.7308207979187371,0.8577156041408749,4.208975686970477
0.43863055988540944,0.9456157971771864,0.05596542321297291,0.48861962145475685,0.44457884088129135,0.40914669134951664,0.5702486434930413,0.0812654025905953,0.0600822124213129,0.10741727798212286,0.9502323714836208,4.064319215182938
0.8041335217524066,0.5750389111942839,0.8421930799719708,0.3894083586274444,0.6915704438898865,0.936950762389045,0.12501401126384293,0.9067837434615978,0.26236233026624883,0.1305423961972763,1.0210539219701515,3.858356622616151
0.7631001716622494,0.6634263539163218,0.43231206861431104,0.7704571354183671,0.7649047697006132,0.3652486137287012,0.4188110331137893,0.4981906573638475,0.711518817389499,0.20482509842910523,1.040085140266307,3.858282173434567
0.42435342609044163,0.57603998019033,0.9663699862878345,0.7837406317794448,0.1197197979853786,0.11000759897423942,0.4769856939656977,0.834506112270252,0.012545407081848254,0.12895033104419737,0.967984223311892,4.005719274622181
0.7531803101269753,0.5207457511077254,0.29848504356352246,0.6818357024676142,0.16691351806999372,0.12230969640049187,0.8477002432811628,0.39893557212004327,0.675446442294856,0.8638125953982814,0.976723187226936,3.9536771951007625
0.3269347479177468,0.533536517116888,0.32217495016982034,0.4799661222706768,0.7244708104680528,0.37669025736037604,0.5390460443711524,0.9436192248040749,0.3123181401472196,0.5979548017213708,0.8341238475407329,4.23611951285587
0.5325589325592853,0.5772541697889704,0.29509629487574257,0.3459299266300789,0.6389544242656371,0.0642944345722441,0.6029690612820204,0.5001290978540414,0.027834048760578795,0.3913450331276112,0.9490497019670043,4.113372110474076
0.6823630498675,0.654588408035708,0.746347835127557,0.7391639142892272,0.10226838859815471,0.4264565614899364,0.6689769206853433,0.3636941956195112,0.9047902572233588,0.6349645479870482,1.049449810058399,3.843453120358633
0.7569830442921853,0.45612088579792653,0.15009281151535686,0.5539307192627875,0.7491181617777142,0.7185299048967042,0.9535806942895668,0.7313126394201915,0.25489199758609576,0.4315517102790022,0.9123363796856884,3.989962205117714
0.7147604185573981,0.5088635225345504,0.21484978093767737,0.4937456412011906,0.5693183986704365,0.211703727115698,0.3025157241316614,0.30312709597893805,0.9234349321432725,0.9135410489049464,0.9428392369888405,4.002939265965516
0.7509970484014832,0.9417842526585212,0.546106592167741,0.5283227642284879,0.24316617253147876,0.06307880387556881,0.8300119959199346,0.8003027259996712,0.557753722630897,0.938175769147858,1.0539671038241099,3.769900612334668
0.3432337897776411,0.9190953116369016,0.9109217136401255,0.5747324998463309,0.3017045085002284,0.5289623737181214,0.9574002264890852,0.08207466923359825,0.1407997758991864,0.4089243003813793,1.0002568472435283,4.002862649269629
0.366234824182017,0.645213276348338,0.22372060062918542,0.2377985614917297,0.2629589748686076,0.4353293244366108,0.685924279980215,0.830977644544798,0.30329087823754414,0.025291383586812058,0.8458648499596838,4.189601600502005
0.3733306992148639,0.4666535025517765,0.6502786183941747,0.4440834201861853,0.9519898994553982,0.46705308343186686,0.6557911207163235,0.9661253841965214,0.9791473942928266,0.6964881137112235,0.8463658607904071,4.162711847256289
0.26789387044339963,0.7417120360819446,0.1731164654605685,0.5080805404299128,0.09071952592209287,0.16299129953812785,0.05672739847583391,0.42930770011202096,0.6177186703769826,0.41402962449729974,0.8740961224534957,4.2263371559582374
0.33298109070554693,0.6957611359948476,0.7556770598919076,0.204080903886029,0.9805960632353435,0.47929021198558125,0.8048438813608065,0.69918089058422,0.3667389249527872,0.9460535283620538,0.8918063368486877,4.112395904655512
0.28737325621630017,0.3670719236896637,0.28958418648871337,0.9078468700166488,0.1843103482534145,0.48350668222114146,0.27939905591772846,0.21208254554685313,0.7554871163830127,0.9038495850706075,0.8076659037774728,4.274638361046412
0.5726524914992863,0.5875366932592193,0.3383180001624722,0.8006150986681893,0.4853170892857597,0.6141741422729394,0.2261946921656554,0.21164146113599208,0.6478260383506971,0.45257702315254555,0.9454993241262959,3.9663002312628204
1.0,0.4390106687855342,0.2814397775788903,0.355310326235311,0.5761166221320959,0.4172537912708435,0.17314792189621475,0.6549298038601655,0.1620223204517947,0.3626544204980381,0.9709026447548795,4.008915855219521
0.3855291748404884,0.9279498930826449,0.5878015916894652,0.11263600476534802,0.33619498297372036,0.2651687569619796,0.946963736411195,0.7502827000134428,0.8527158498672247,0.546013204479123,0.9160835864215012,4.034271581242144
0.4205961939844678,0.930430111194928,0.9499444290340958,0.5392259297400918,0.4147526931185386,0.2138943704639935,0.45095598011102667,0.623138117713075,0.07637691653977965,0.599418311084923,1.014932290979232,3.9201885744298215
0.3061757155865148,0.4564477976269571,0.301667422664594,0.9480195733643972,0.4024130291138167,0.7064563570076295,0.7852872959194114,0.20956264995323418,0.1421490539939421,0.6806840690314793,0.8580239869632088,4.250894027639969
0.5641555331161805,0.8419742148560083,0.6059067339964331,0.32882862963922915,0.5711620819516391,0.7554220308337852,0.9734720486438213,0.9977345928291361,0.9133255796268951,0.8401427685813396,0.9390119612910929,3.835100446574199
0.9110560214515196,0.6752473464109107,0.3907962786462391,0.403437748313742,0.10448220050787828,0.5274833959675059,0.8689449950646575,0.6684875703482661,0.8354611322794094,0.8997464478615229,1.0059667868316127,3.8554863405162023
0.480155462580048,0.4351678714203294,0.9956298631618893,0.5950889034822533,0.3877752713429206,0.5605724930242677,0.5220965203138899,0.863550625815574,0.3431122585287027,0.2910671765336137,0.9205894478345249,4.013942625291121
0.35610979327007003,0.7841752793535935,0.43804097749912,0.931551525317992,0.6044731175809878,0.7034824344076598,0.07579965195757563,0.5961498485208968,0.47107972375097845,0.5296839734583952,0.9251646827433392,4.010207965472838
0.8720575735691828,0.7430517204328431,0.9832205453150596,0.46726534966220973,0.7917445221148428,0.32428328043295207,0.617764136915231,0.019477026295740253,0.9010883562742982,0.9576670612357797,1.098314243601188,3.750979231373384
0.0,0.33541171399545905,0.38050564575983387,0.12073123056283516,0.025980380951957913,0.9343776386404998,0.41538987188024634,0.9059178531899704,0.2920163359654247,0.5790038856426442,0.7263078604299666,4.564488321340523
0.47050872129964844,0.9217631338241121,0.41319879863038167,0.6280122792526577,0.7684667171979741,0.6934808234927374,0.27156309083992175,0.5278870083580002,0.8219786880545683,0.6295111046463518,0.9572606678413882,3.9231130737909994
0.30393991956750566,0.14222197396494568,0.8460615717752858,0.3911104049799629,0.5361973539469752,0.5738585329457487,0.4534214489214223,0.30944637333129904,0.06366891735792278,0.18309850495220326,0.8134742468622553,4.261684451543548
0.17608729130017486,0.9510567218633256,0.6485218953862418,0.3203778129338486,0.7572990623148173,0.9676675536327602,0.9284490921438328,0.014477255565516588,0.5715769249079269,0.475370958197658,0.8681994912617494,4.146935475440392
0.2841102328985703,0.5025502748550894,0.18715624239259823,0.18687691920977387,0.22537129597675956,0.6791257294625347,0.14733274416368006,0.7967790538771468,0.898228832872644,0.27872213520492467,0.8183015472071536,4.377971279002425
0.15090432561851116,0.7979797945945875,0.6955248403063443,0.3151633401266854,0.28830191630825813,0.8802117633321643,0.5648071050696747,0.025090041102007243,0.8448490607520371,0.9101304461314152,0.8677722932710886,4.200565774731506
0.4437720217923347,0.7911271938471178,0.2261434900762086,0.7500935874431709,0.7311745637087557,0.7167379347335211,0.07282730816392653,0.28407449851033467,0.23860443097702005,0.2949994504621249,0.9376310388331018,4.001942059910223
0.5787779955786425,0.5526256796906676,0.1404684743041047,0.5967446237696458,0.71898450997162,0.5321958838489466,0.37492731089661707,0.33093680172432477,0.7614780815066875,0.8346573177094023,0.9002233380670833,4.0287772211263935
0.3864242724163892,0.7173634298605001,0.8309916499781078,0.8803264606226509,0.6579158329994687,0.49941933016214,0.6103952034831216,0.6640697503346998,0.3053188890940483,0.8850265442969097,0.9541467598146508,3.9520761714778203
0.1990471728813442,0.6229834723054403,0.6895373130056032,0.36620715219527716,0.5250408548680514,0.8088584830894828,0.7762655598670573,0.17382745841852454,0.32204160348616095,0.7250821324677393,0.8410423918402329,4.237275230328835
0.3093852727394678,0.22683246438080723,0.3663889725244074,0.40747730635094354,0.49242322151604606,0.3965315404591944,0.6327254109091416,0.43804965994018813,0.6501954616231984,0.11826919798140047,0.794441840253621,4.345927165586838
0.1194532929464549,0.6984040963186104,0.5894350732224654,0.29955255990267193,0.651497984470115,0.4259737267247666,0.8826354789131828,0.05674084329030201,0.5112077652653281,0.7552575448720856,0.8417643145071959,4.281827973873748
0.10079714971250753,0.5573771202558121,0.9013691046331197,0.9725991155055663,0.864320259911622,0.8643767138758505,0.44630285411432885,0.8032469064042208,0.7520988289830679,0.42786306155600096,0.8207472812586959,4.17041806827714
0.41247609757492776,0.5429496725695512,0.3056441898171082,0.4919367894095748,0.8870458975579696,0.5033278931286643,0.309434199045575,0.8854731790629929,0.2599716471777062,0.665930112273207,0.8828716543959171,4.1788997955404215
0.27968816541457,0.9030609769415175,0.8627778728082599,0.6967304455882826,0.08965410157897448,0.9497085223323023,0.38834478545818196,0.1926964122953473,0.7795116060126319,0.8916274059920278,0.9646279883749211,4.031236643846791
0.0,0.6201118326435795,0.706497275119302,0.03328722623232765,0.7362391771654859,0.41016186113109476,0.5962619820781191,0.2926152190639749,0.802861437999806,0.6308516338222526,0.7677292929175157,4.377668946150838
0.9333518749525274,0.6651151341022256,0.8799707497307271,0.6937070041429153,0.47208720659080017,0.43971257857266993,0.3628980807034851,0.013287549897665148,0.7211453135875723,0.43510843528847065,1.087222537820443,3.764133795909869
0.47116082585760577,0.6505106258889377,0.05361301576006244,0.03927224780182273,0.03674059613588683,0.31984214152692336,0.231983436501183,0.7612047514147152,0.4046642531876699,0.2138805635974138,0.9027974650170115,4.19811474271184
0.4627907333088309,0.8051622249808936,0.9466345543324328,0.39879683424668994,0.9037676246285712,0.08971292732063063,0.1415455618621351,0.5055738530864575,0.4890811290977971,0.13455973073267927,1.0503967780098464,3.9717806524106574
0.6078557022889441,0.2916579251130504,0.19791663207706045,0.12761508078996206,0.2764838479528947,0.5108881986717888,0.7825304627356569,0.4443585301193604,0.9537919118536274,0.2110371070487258,0.8833659579710081,4.189020031025027
0.35573734629506326,0.36286819390622194,0.7208019768616855,0.6843444951644918,0.6009181915784139,0.22952379738845635,0.5688475251335975,0.3821332833727073,0.6977798581413158,0.8765944699079816,0.8596816497488,4.184661391674935
0.35778137331832344,0.5044930980827819,0.925281438499515,0.09591990393813511,0.10618577709811733,0.24186995097147582,0.28404544262169945,0.2919919227027098,0.13184833751364713,0.48245669758134685,0.8835948665122131,4.190894726745879
0.7171100755987022,0.6438842177316086,0.7308629144158826,0.568998887795476,0.5781636803632398,0.4907803161570875,0.17716178706526484,0.6533482377431397,0.133653396130135,0.9905084863030638,1.0498748865879577,3.86714753355175
0.6464903734129475,0.5665601345900825,0.8242121625197475,0.005109654161193728,0.17142291305150006,0.7475257304348608,0.014176047020343169,0.7748686236838929,0.9403543266258675,0.6332683657729503,1.003641129379969,4.0055845543273865
0.6530808713209928,0.5395798998034511,0.1288199397083441,0.43842428894930613,0.7769782130830832,0.34697665796559046,0.36747129348086305,0.8769575706579269,0.8114616793758497,0.8019110506553997,0.9291965218002144,4.038572864200951
0.21231927382240454,0.6394916667589969,0.012614967660274552,0.47405108543682584,0.1280134257628331,0.3531206937009714,0.688344618845081,0.6360730376718666,0.6126247384283793,0.8825275734280201,0.7827233914700824,4.304028198543082
0.3639561960148993,0.42744108736359737,0.5562615191719293,0.854556951699982,0.9133833854820826,0.6295755729624389,0.6411327647535332,0.74904186681021,0.7462037478951292,0.0011773568422655076,0.8647494644247661,4.160646909037766
0.5948215112408447,0.8296335196569735,0.9966468797185534,0.11109029127240297,0.014618315830876132,0.7383911937393212,0.14487748884074556,0.743707935595628,0.7239187563735965,0.9544167826190636,1.0613954303387483,3.8768771275056157
0.3972121736396044,0.6591295418437286,0.5848056261704043,0.46555141573554415,0.8756819877926524,0.5828632498168076,0.5638066818942645,0.6616079567184829,0.11471487979825847,0.3397477505400281,0.9010532147854703,4.064803481824446
0.7921086746544782,0.48861660525642947,0.5965148980784154,0.03138748583902234,0.8610782975850995,0.7139136768904769,0.2464399325209097,0.12614756728397147,0.4793219385645514,0.12133155599039487,0.9612708875924295,3.9917523745117394
0.3937783461506526,0.5787544866423538,0.43006097465768267,0.4104648847793597,0.6724876274104781,0.5256571391982018,0.9665206605708047,0.04578618788117931,0.46917651377463715,0.47866388733673393,0.89219231695329,4.168522543741426
0.9789233289796894,0.5272073637510029,0.8484943949452691,0.7360353148441607,0.20281198811327364,0.05857680266680186,0.4958490620347382,0.5694841710723908,0.9495612818839351,0.19345228197376835,1.0624403893572145,3.835797269527169
0.6793138664824843,0.6663931004861149,0.009861768595889319,0.6821091263808979,0.32860103939259366,0.9508608654747754,0.9415412057155687,0.7736296271777712,0.7577765905898975,0.01244274843549075,0.9878225805497092,3.9701527141576403
0.36740105350211666,0.7064003717247007,0.0665532322823911,0.7051952093072746,0.08748031224247675,0.06836439323687496,0.34399149537274337,0.20372218108124088,0.9964017945625598,0.9618863112942313,0.880943299693526,4.132496785012653
0.7373479618134432,0.2057756466596637,0.9737532864093688,0.317932124281144,0.19802989126901877,0.8855257634271285,0.849890178121419,0.09832911096496036,0.515601321946033,0.5405268173416391,0.9999162174166794,4.004186683748855
0.4907497679050247,0.3169988823373359,0.3156175190594789,0.260431608690498,0.8365521609665039,0.9863302691384743,0.4179889152832662,0.7464100502832401,0.5391352622027007,0.998094195505477,0.8014553077594173,4.162997057263298
0.005502328374158705,0.7192425494776629,0.9714468271096457,0.7163286990059503,0.31346679180162673,0.8447086554674363,0.2974177922667074,0.5863523413463341,0.5120127766224418,0.053716396388549796,0.8876390777366139,4.195821542136911
0.4495789834983069,0.3965610082190524,0.23266227166458,0.6391428447802785,0.08315122712135013,0.3131503654573375,0.9787561007658422,0.40515834932298067,0.9071423853718115,0.9040688283948485,0.8613589462131549,4.191454421989352
0.11054273410431104,0.7554207220050322,0.668073229873327,0.7646537137101277,0.3727063912101275,0.19229256199055236,0.22231531342755909,0.7863178497981282,0.5413344460231085,0.9597430169236948,0.8823190855796521,4.1862838399615985
0.6780861684541015,0.44113386213826666,0.4041025994208364,0.1474576878816288,0.4356392890094205,0.4688917450883079,0.8358429193638519,0.26777418366416844,0.6318887858407601,0.3431437303657531,0.9274317730333617,4.068440998554729
0.6224658647649349,0.8928765247511388,0.020150871843670048,0.025341029456136095,0.36131688026933845,0.04434477290667314,0.24903535758958054,0.41374959086938295,0.6914429530693548,0.186108617598373,0.9918457630764825,4.023963073369994
0.6125697825555497,0.8744445947722821,0.5640018343529267,0.049552986468059834,0.5314314793832278,0.9140079589022193,0.7337607245688543,0.5167347693223094,0.944150056083892,0.1029445625571634,1.0029406949041126,3.9077116517936212
0.49149122352489566,0.4596099761299606,0.3781223385606225,0.6631842778637997,0.973439749844868,0.35679388435987114,0.5908807656489526,0.30169571387015626,0.08999730284946432,0.8544568604012932,0.9373238600341848,4.145834774278244
0.5116789947589844,0.5812231967938448,0.28277180964265897,0.24471353772519944,0.947977936186463,0.1715590242105106,0.6879081836321141,0.393849819258645,0.9253438069834775,0.055131056462734106,0.9537944767349146,4.159397547571444
0.34295116413668403,0.3930792279193137,0.6679741132187768,0.33613881136929186,0.2816337712301417,0.0051721152581920525,0.9602159623858008,0.1659506251678335,0.04580799551155658,0.8723823210321026,0.8964295168337387,4.30268945269313
0.22879562835935588,0.5602921421996554,0.38362179820157727,0.9792559382068541,0.15970423485347918,0.20896140481972664,0.7721377061642448,0.020584312435010917,0.28819163024390526,0.4202130069394991,0.8722084807024315,4.249653540151777
0.16687562094277333,0.7777201784534845,0.4027569953106644,0.27707779822745465,0.5971003465120642,0.16936326922526584,0.6318060262399819,0.1483019301067562,0.49144412736250914,0.9443499138390155,0.8630440000641707,4.273913665067554
0.383219904779958,1.0,0.8978760403654724,0.6245836142283665,0.41734886215952766,0.5969473683576809,0.8731858241126789,0.1382544611467852,0.004998791518658402,0.8432652398312377,1.0223548127958644,3.9574987458337567
0.07036924320749238,0.4876135731937422,0.9386220011348912,0.3404770357191595,0.03511344017490774,0.9925511187039444,0.5491287173803214,0.5400789152524342,0.7128204627920592,0.20643235809297394,0.8314260503899142,4.355027449204686
0.37868463467843233,0.8806541048491812,0.530197434945438,0.9716743110992213,0.44271360053451186,0.3693235538825398,0.79307026974215,0.8912159445135074,0.6848233878663887,0.9770555191352117,0.9320052779720037,3.9228474469534995
0.0,0.5120742667911399,0.7674203664618109,0.6794339951917125,0.7174267658007449,0.13640231913520448,0.7382247968993428,0.07998200486426967,0.5618975448039771,0.5902780725170773,0.8316536785161643,4.353883721928829
0.32161030316874784,0.33883427277106176,0.5959675742040386,0.14164170490453942,0.8045770372255852,0.18136407946347344,0.4395140770535819,0.028332663937205665,0.08453301170180119,0.4038891758225813,0.852757220109451,4.358584412659806
0.22288735554948966,0.6152588635851145,0.981630296407927,0.43348680985819277,0.512771554634018,0.9465756889102084,0.28886722502768475,0.2293704204105642,0.9378551391017433,0.31476440772203496,0.8723516928954727,4.167262959478946
0.6444589330160186,0.5725505308828842,0.7842305153865022,0.2877326499889837,0.31673483842111216,0.8884784855783883,0.46517811770202466,0.18283964328547733,0.5888716501371076,0.2151168016677377,1.0078067887017261,3.963826012108213
0.5495236703183619,0.8913928998529947,0.154491013086858,0.4997173020223541,0.6309497928020085,0.3731656238837207,0.5162144511543018,0.6073492782475862,0.6095567338488055,0.9243285882253025,0.9577487557073293,3.9338064516767717
0.6418393075297545,0.5134831079768347,0.9313224015668055,0.9693421092597586,0.2835626902168468,0.3179162829895727,0.9870767133519261,0.35444606826590985,0.23585311796416347,0.28337964105064534,1.031846695175696,3.867529627799157
0.2971835227278568,0.7137201211620054,0.10832938480207732,0.2920559916398259,0.7406457486806309,0.5056666392641663,0.21853397411970343,0.010464484258581432,0.7417052363132225,0.8369680547596714,0.8302099769199485,4.224843148241972
0.5478254245997202,0.43384573950512706,0.5326394107421717,0.34984921535324576,0.7056848247268865,0.3909548602683875,0.6289023972373843,0.5796542459414642,0.26181912045217604,0.22667172903353025,0.9039663561033535,4.086934852965669
0.0,0.5947804480080712,0.1188375776941894,0.009291632934378524,0.34639848500429066,0.025821282262029108,0.24197093854322932,0.03143915645490225,0.08644893744066523,0.056154666072353226,0.7579930586446522,4.518254685951507
0.17799935278475282,0.7512777161642179,0.09159402408140027,0.5569581520631801,0.491247262784775,0.015766232551544388,0.0017166903361292595,0.26458376355724683,0.4432592887781865,0.7811353529395378,0.8612611511041288,4.302746279377756
0.2071624121853886,0.5323361010852079,0.696984914588843,0.24963470785938613,0.5633866342761203,0.3218555814800852,0.6241216548105538,0.752474602239728,0.6031817936079698,0.2643237380832975,0.8042237507651689,4.280148322305571
0.7053630091210044,1.0,0.09382483446385848,0.9668440877615323,0.6467556263975525,0.03944180681607587,0.955049448170056,0.7164870366967092,0.05699675675962499,0.12485280744447917,1.075898028068611,3.834332315475942
0.42378375930217665,0.6610666363919726,0.6642847970994699,0.69909278936868,0.2722158922637559,0.4848223948454021,0.6828905182526581,0.24485795526470214,0.10899973709938497,0.09803507717196303,0.9627489515903697,4.029696768705865
0.5081297739498235,0.4909595526314635,0.6352188984598289,0.8214136457218024,0.2446009572948081,0.5475918236168389,0.4683553047043748,0.9911898329233598,0.5275571307059304,0.9839469264145733,0.9410722240080491,4.017961300744852
0.49932923662500633,0.44655056043101293,0.3414821428110747,0.040776549578511366,0.4587867963392689,0.5405276570295938,0.01832026241338298,0.19187287946269554,0.2866537263059489,0.04377588193925166,0.866161157456726,4.19926994656455
0.35921343886510065,0.712679003274936,0.6561356296542934,0.18393511201309756,0.9875078543956546,0.644144176718722,0.017299278765554982,0.7236097235509061,0.5926239584364402,0.7213079260367192,0.9043191041368007,4.111864741476247
0.648467183703985,1.0,0.4651617686383465,0.6367382178778858,0.33312996774034287,0.7868805313939282,0.6218238123974632,0.9447476133176859,0.8011837914070855,0.8072250418360526,1.0202069660144366,3.7832618848142467
0.3773256983664737,0.6259508780321649,0.06958787619794596,0.8650803007772094,0.590226206835915,0.4212487230872691,0.9494495193411441,0.41958631718330636,0.8282719103628736,0.2813915501415477,0.8945196427907681,4.160162811428011
0.5768115656649042,0.8120643278133143,0.7731314773568951,0.2964997455373737,0.10956188520097145,0.9585650325356956,0.005703474870044277,0.134022492796313,0.18496869416616618,0.7713186445254738,1.0662884812313493,3.9263791355972324
0.0,0.4581423865108938,0.6837489349784888,0.8964684548507615,0.916321018466419,0.44120720132143143,0.3466610843908269,0.13028582384447449,0.9900576011235668,0.5482492893642025,0.8044341057863745,4.347730857218824
0.5457748133287557,0.8647869189573361,0.4613720176912291,0.591712166173637,0.5043282835958928,0.6547659771874818,0.560745412436524,0.6590333336975011,0.7011935439376705,0.3736094971944791,0.974319235083679,3.867751025813092
0.5663170534624254,0.6803151172251537,0.2797958661648892,0.7595175085212995,0.581471312258731,0.01826518000540563,0.7457401347103236,0.060586868722525555,0.6274319496260309,0.48785377835625304,1.0243665105423072,4.0057119452008125
0.031958857493802895,0.46011576058966175,0.5385281133159565,0.5870718789837832,0.1761009196571254,0.39523802719875817,0.9986308063799367,0.0693406881468709,0.6953231224916951,0.36157598372756766,0.8033731842634766,4.4149948543565545
0.3120487938871722,0.4955947241453421,0.39284259434083485,0.9276792840937658,0.9679614569260907,0.6244014499494723,0.25345414252784443,0.5583501512685175,0.10382600653417183,0.5188768275734236,0.8633623952969278,4.20653289764003
0.30721693684639917,0.685455608810666,0.004403134413786556,0.14524947943450997,0.8942676564683363,0.5364270204063968,0.5009886134473304,0.2524335618344163,0.2006320360496381,0.6823588350950803,0.830471510392629,4.286154967540094
0.4871604675904415,0.5558993307197746,0.36029566050599604,0.2830457992465338,0.06149860530992109,0.6763513813150993,0.17127705266282747,0.050566600276135854,0.7983138731809136,0.6413533408569843,0.9215031165312112,4.146340091469737
0.15468095102134083,0.7631887253075385,0.45717712431849755,0.6435813681713882,0.09408129420225136,0.6892711429488739,0.5578161354727686,0.7704938894891964,0.9297801680348777,0.9321160483502128,0.8435146171133541,4.188852441241968
0.4303235254605791,0.6065582055888072,0.5684971626900706,0.08305361389444672,0.8036866792793029,0.5354997351823176,0.12841254544670286,0.7915259713016161,0.9959649618196164,0.6030571962885327,0.8992666697682496,4.137961842024343
0.7965623975225143,0.43667559260472155,0.6418383561223728,0.4509354157651137,0.42121320917103516,0.8779671397847735,0.8325811884190882,0.6294459952713028,0.5982795528668727,0.6000294627436549,0.956637655323123,3.9262316035092737
0.5914681925458652,0.3840350406597575,0.7480786769691227,0.9374423352662614,0.8481973534406538,0.7948053386335617,0.7749340671436682,0.10164670659494153,0.09462787052303061,0.6101456405079947,0.9796884631064436,3.98076407077577
0.42910310819474434,0.7315846368227741,0.9231993527439628,0.8433116853171939,0.6185254451261569,0.9965843292998023,0.8017452036109501,0.511990643109016,0.5866553743310935,0.4370204874659667,0.9706776634231394,3.8927391699650444
0.23650979051194781,0.5731575170499265,0.6078042936383254,0.6455628010218702,0.12582541003936384,0.2883061290931568,0.6991209333027557,0.24668224425488283,0.6986345020967003,0.03796175116850455,0.8849612752543115,4.252059298718781
0.15733158618837345,0.3240764516026931,0.33106735294669687,0.7156548282091256,0.508265587803081,0.5867139415035677,0.035007272124368494,0.17928985618918644,0.03569554675533546,0.8577368413284605,0.7734023401142095,4.400614096321813
0.4252165879440902,0.4445501639159719,0.3942529350623852,0.04469058583863404,0.31959007608660817,0.5151030588636167,0.34872443423316885,0.8803945072622689,0.7302771983380687,0.45680716320100545,0.8327326616237625,4.238721443693189
0.329254913044118,0.26123202823295644,0.6331324915721861,0.6889708219804819,0.7159911390243575,0.7592818743037805,0.8909742348806848,0.0402018749596462,0.12920698778991221,0.4724763951146243,0.8462240706912193,4.250381508464699
0.48241259973201417,0.820853903888352,0.4946141270915696,0.540420343362314,0.7109764990376071,0.36735713101072165,0.29025301381742347,0.4747972884140007,0.9737704554664546,0.7106516785957784,0.9735348587257943,3.952203358867617
0.46453420903132486,0.36056089229966404,0.16840605548356652,0.6233451414570096,0.027944884418637527,0.2933882312739223,0.5784845974887742,0.38812729664005025,0.9174979391069377,0.3440175541464561,0.8794885681532625,4.225767138765357
0.036615411940739195,0.32676495090550906,0.06091252210928882,0.8457542370640831,0.6458271858395582,0.9416782685704944,0.7102503600753165,0.9691660166072038,0.35982895486227634,0.8136143448249045,0.6817982405036652,4.420985069818763
0.4058815391709821,0.6837645869840571,0.5088092796760026,0.17002928327444863,0.31523437655713243,0.4364751973536903,0.7219687599822714,0.5717004959697056,0.43406253147976737,0.9082054198467413,0.8851470631489212,4.095653007072299
0.26456950478002506,0.4072330239616895,0.8034283549730097,0.05428778857754946,0.38598380007604266,0.010969956927105274,0.5248936600846182,0.688842529853351,0.341200876569086,0.1639531248435204,0.8190124585117591,4.324636008256194
0.45440446043453486,0.6037767890160658,0.14455342582916858,0.43732976654923245,0.021118134724048648,0.8162732631229399,0.46773131149948294,0.548800934643885,0.22046160204709003,0.3750742264562751,0.9089643350352916,4.1608992944323795
0.0,0.8385748424278784,0.9276726891473634,0.28047402506540337,0.3796871436733372,0.3821597895320999,0.2078989014063867,0.3357186122927672,0.9927936100351299,0.16940290898923563,0.8608867164535109,4.229280071735498
0.48386198182011464,0.5313788319967558,0.4400890435239079,0.9639643076139943,0.86708126034123,0.25860960275047074,0.13040377321543656,0.989800466872268,0.3890930932723552,0.4494658787916242,0.9714647014182842,4.070022058018532
0.5851771213845499,0.6964082694955122,0.8393671804569153,0.4142642234802181,0.2140568263118556,0.2661426598556905,0.12119122723445387,0.10444734775341186,0.8586190236424687,0.8217047535701145,0.9999854710644033,3.877628571638045
0.20893593652920872,0.8030455577578288,0.8191775880267089,0.9518906133380368,0.01852641829951099,0.38689061749967096,0.8640554116693694,0.06694310631175818,0.4110455171950731,0.330945419878249,0.9712084586671819,4.104291101373881
0.6346090886298443,0.646278666968756,0.20073336787923285,0.39248306275699074,0.8212725819587653,0.3890609392581502,0.505879249706309,0.16777419637185373,0.9814889873334555,0.09022936726373977,0.9980515282812955,4.032974423967794
0.45192123479527324,0.45228190598241036,0.3068835160095332,0.7209507473494964,0.2548464391445374,0.1794158964977155,0.38657938654194435,0.9115199395924544,0.9863732126376898,0.8166803208892273,0.8757706902853247,4.140895466782779
0.09778944394541111,0.47287155058787156,0.3849179996177374,0.7341507287497387,0.8001918669884561,0.3484045052293449,0.9162147230972433,0.40226816230963724,0.768445695759987,0.41260094535094366,0.7942693680035449,4.376926001603094
0.5888474075874658,0.5794265720189289,0.08116559607794088,0.875243600053594,0.7754663757688364,0.08595561629073079,0.7400750265625723,0.9305748525915457,0.4555533988706723,0.422712195257422,0.9530805153503241,4.015298825461315
0.347891893428406,0.5186954154843618,0.035289393537471556,0.2208662174602578,0.9367186970298559,0.035815055772781684,0.6261857234310402,0.21596035567357388,0.9543068568349675,0.20178001278190225,0.8660067197892962,4.374370499877882
0.16311837459883177,0.6008747279171224,0.608820982027974,0.5275604267472804,0.45790239289532636,0.6301486233919175,0.821436189483462,0.052774623512000275,0.4362696718564322,0.5865030395472336,0.830786389767979,4.262745295741551
0.2166570442658566,0.4150851062012241,0.7787780844297594,0.21501473442673627,0.6244049143550214,0.4230965587684265,0.9065389600376104,0.4556876059594965,0.5967994272760904,0.5116815736454197,0.7909541643047797,4.31559738203479
0.657796771191592,0.29304452358267014,0.4444431852162456,0.46007549600008635,0.7336419990376969,0.9915537814205687,0.1993837953277397,0.2063358464172366,0.8601571344996244,0.4779195662743574,0.8934665268647067,4.036104263478036
0.4155974748857762,0.6198761220447722,0.4705418212938466,0.7134739465394315,0.6203931116386224,0.23516039374093312,0.4326703596156366,0.5852205938218663,0.8891358048951824,0.8144651865848007,0.9092438186623445,4.06183338972252
0.20635318585218754,0.656621596260545,0.8922769871807044,0.020508817824527018,0.4740114552543242,0.25634294151625364,0.37069700883962725,0.5728029098541917,0.6778661423011545,0.10911546668638183,0.8611697479917031,4.2404913886017015
0.7402730407123477,0.4077724719325684,0.20959828681397386,0.28578917973567625,0.5286133781509522,0.11902527035764773,0.9155835150818071,0.18907921440884257,0.3360618956633548,0.4389052152514435,0.9573670685619504,4.103348181779479
0.24560039013687512,0.689293670895449,0.7996610187122217,0.2712619828433254,0.6960877064473823,0.7779917683393361,0.8453114463167997,0.6023160531759812,0.7368784944742182,0.8646504589377614,0.8198151708931491,4.115584323115183
0.4369661247642671,0.6786411092945672,0.583506397950474,0.9149939853373339,0.2875113589843368,0.5167602798683036,0.3113262316528924,0.701385657228342,0.11306849148981024,0.9208138509609958,0.9814478636569296,4.000084970379433
0.48681774842127623,0.6165505388327613,0.17605672093803368,0.7074571653383506,0.039702840854684784,0.8536949972069603,0.9242763946249763,0.15387138001174877,0.9394425837937082,0.16670113761545163,0.9903610952100811,4.1369781336224465
0.3837028270918475,0.5231718444518746,0.7814477068587316,0.2193777948863146,0.975612766329891,0.12037976990465467,0.42451182459740233,0.37158868246789534,0.5647868149600859,0.6781560347856284,0.8976131331368962,4.174195062575945
0.15986982859050666,0.49653603156511444,0.17868790400554865,0.6416677167739709,0.9978573485966747,0.41219485352630353,0.8540760192795236,0.2498726633076516,0.05943820366785424,0.13705164143375795,0.8040571258768356,4.3993500738179065
0.36018318690034995,0.4201133674126975,0.019013289506994234,0.905450066843645,0.04833579517871424,0.033891586271939195,0.963931723523702,0.16091105541325953,0.01958484138558927,0.15139550969873064,0.8695417532984887,4.298390551764816
0.6286330756738114,0.5175467881999631,0.9763095372858386,0.22429537245710676,0.1364261020864794,0.8987311382423092,0.5771547044748127,0.33662754995108457,0.7438810489923863,0.1654598027318833,1.0185722354996867,3.9900763440926026
0.5021350394650224,0.8874105005643849,0.18385467767721683,0.3381912350598709,0.15668011971222628,0.9785651787320986,0.1192553933533493,0.15752676566925647,0.09298595011864909,0.992803849112788,1.0001641259818415,4.050125359582717
0.09400738872098391,0.3881548689791018,0.2975291354353397,0.1297179167276895,0.7631214396633823,0.14750533295988905,0.22416637672243941,0.3803150473732486,0.8729064803512805,0.5389621733822396,0.7398282528997017,4.5039819013329865
0.0,0.748177694738756,0.7909668523350692,0.2648711987187445,0.24190094338519286,0.7698464712410295,0.36887267399905604,0.5230414213523957,0.25630933932321476,0.8091612967221311,0.8286605885096442,4.28836394260889
0.3980033421972997,0.5492235594996581,0.9607311701249425,0.6124638509151091,0.7063078343319462,0.01646869894132403,0.944208629733408,0.7414949708600762,0.2321537923804305,0.25908727601652726,0.9494028851963568,4.071850267973705
0.9620310223800957,0.10393899023785036,0.5111776181477308,0.40417389286016703,0.6239164520265306,0.7789421193972137,0.03264805558475607,0.5609196487339548,0.809777083654155,0.45446855434268857,0.9450102175675889,3.9981849995478282
0.13507895699245664,0.5682602352708793,0.5581286541062936,0.3749199083835348,0.07984143754799404,0.6707771286121346,0.8293988454027987,0.28177570898044635,0.23003511764748602,0.9065386306859389,0.8417847341737171,4.359614567161255
0.21430446613489512,0.5065176502676066,0.318477273613803,0.4832672139272071,0.5196692894173265,0.9394100875006558,0.9100153425096777,0.4612742447363141,0.4744771069755748,0.3502908019370455,0.7808511341215373,4.318975618542205
0.651593453609383,0.5258778619481642,0.4802934215906663,0.19348381540364987,0.29028652286014095,0.13350487416110243,0.6705726865247292,0.033761606450569,0.7626621386898893,0.17376563990198063,0.9909295614635732,4.0691175003152775
0.3026088730323091,0.4021991420275052,0.3449652901530667,0.0621930750235057,0.7926497367281516,0.10812171082514213,0.18115491100597556,0.3843151477170089,0.7836355841312188,0.762715103960115,0.7959596810125336,4.376236235911177
0.4323977190223467,0.6097429764884739,0.12288145847154437,0.7192337298910026,0.09396434144936376,0.2821675334553466,0.8938647810955497,0.12069931130883704,0.7264499895038297,0.5455702966396041,0.9231089295250391,4.14908100803021
0.34454039311869844,0.6517781184300682,0.027815971974766415,0.060532957430204114,0.20682582828338406,0.5682731358935432,0.9084777562342816,0.32798880789114404,0.6185306697575859,0.5146180746163329,0.8339069033519504,4.280635542619644
0.6690785277857028,0.4868714470309885,0.3179874961806972,0.9407802255569683,0.7356956663403812,0.05763864972212799,0.33230789895359314,0.6751047015001007,0.1883286424374122,0.5080650148466228,1.010138252067455,4.002733263699982
0.5551827997798275,0.35660406412281664,0.5802402808783437,0.6061417074813115,0.43397352800011024,0.27483748857437934,0.6616030508659062,0.5370283690351528,0.15762560444100748,0.5638135065404773,0.925642806962112,4.075545113210999
0.3199874585451927,0.738180464815695,0.09608199348933642,0.012940531864124135,0.4657665089894265,0.5205525964599719,0.7169392874858814,0.8947115317557311,0.22576539480708252,0.06896432768607777,0.8066479980870523,4.216157335236462
0.137680867342015,0.9057071196600789,0.6817093438312469,0.9815406445588462,0.5439702872230587,0.26203347694049967,0.040622739245888925,0.03988151495593842,0.738829191248051,0.8024809368482793,0.9085166616611262,4.092477557932983
0.6182789071339015,0.8557014077852901,0.20683885434058585,0.22948659296257043,0.20921177659841597,0.9853913092575768,0.9764727357771036,0.170698404508851,0.44066472294014636,0.3299883609363203,1.023037598638884,3.9844749270316906
0.44901132720458636,0.6722728187816872,0.9182733724090828,0.9101389058126325,0.22165017590313832,0.7359887476451046,0.9649512465400016,0.6570851651709649,0.4393339343733999,0.25494147718543936,1.0013752393268875,3.9274639810184846
0.34965971907116816,0.6492587021521653,0.25324784049856525,0.8031615393755281,0.5447232474369977,0.09339638923068556,0.5292369811234402,0.0978100231351854,0.15845801105814758,0.33490864404013104,0.9306705279720245,4.177632518626726
0.5157004858415263,0.8850534385655815,0.34758210637481224,0.8385848508447087,0.0647164017086929,0.08292739510561452,0.3061433635354971,0.09173268176819646,0.385472995904125,0.4197577576251062,1.0172972325731784,3.9183719194438216
0.22010707547995856,0.3906814313194231,0.9544669900364294,0.134567831049028,0.8070214496705882,0.4631315030462819,0.10628448097417789,0.4379095335878537,0.5000421047631132,0.31601135028297955,0.8161377572329017,4.3200023746013665
0.3250444215059163,0.8523480363459233,0.8806630651087733,0.006508304559931348,0.6439292914475744,0.11402095688989679,0.11089997499531835,0.1469384946764793,0.7175332109669638,0.3007608282247345,0.9531580781595194,4.108975174551956
0.1891869711810875,0.6409274922467071,0.14838282229118568,0.7082714127310498,0.2102644506768237,0.6185167048248932,0.7878470873230763,0.4942929045812105,0.5096124889251694,0.5014585561375404,0.8157082381047348,4.27825173083309
0.626605868363139,0.47642525461069607,0.8759864308037205,0.018238389747464084,0.5414111865251785,0.5587252488873188,0.3923345522611789,0.8616640057057747,0.007573432048032925,0.29681075543866897,0.9463196641747001,4.010046782235655
0.6921767175491258,0.6999825853786135,0.5262054265519827,0.1781513030239915,0.7596914486630801,0.33912369096580613,0.33761706706121564,0.42223867026461454,0.017895660247381522,0.6420520077634977,1.0196229873924418,3.9363269918751915
0.2753466697276651,0.4251268150363157,0.010432135860302283,0.40837512024016803,0.41094135869555865,0.4330785282101695,0.4710456896343057,0.6161082259639518,0.48222762037866945,0.22515132039689176,0.750824167303786,4.3682665522210975
0.7072448906264575,0.8461226889868168,0.07623436663359033,0.8611354592874918,0.5329665908216407,0.9766208842743168,0.6526805434481723,0.049114402094316355,0.9837190967714325,0.11592527558976991,1.0595849823561707,3.8771809442984755
0.09332044890923519,0.3038739671529155,0.8078026017251563,0.989834680754885,0.832159707469584,0.16122861083622658,0.7884774582058577,0.276140359719977,0.25251697770212445,0.6491047090678053,0.8440151460907737,4.347990080710565
0.47626580275189023,0.8271717685895204,0.5526460615208345,0.1987395228839044,0.25648182962078386,0.5568843034817167,0.1939641592327571,0.9375336865574879,0.13890440783775695,0.30846412498775133,0.9823603787737855,4.015057390087184
0.11377781042955953,0.3439548028912667,0.3514411966033266,0.65503554904581,0.6035151360824171,0.053909953747311605,0.09544866010052416,0.42470480854770787,0.9756778989237911,0.2841132920614927,0.801446902567987,4.458584409442269
0.04785034610844546,0.7561831424343581,0.49841311773319336,0.481129647618128,0.18719369930093538,0.8821521544918534,0.8378440038634813,0.8383113269633893,0.8194353547729426,0.5771641770122856,0.8175394257360796,4.249651392380666
0.5424074281722425,0.6238919168181536,0.46828339716827316,0.057372891931502294,0.33088163146149896,0.8112943024540751,0.6569934960780109,0.39024294878210997,0.6499246428495669,0.6129582070697491,0.9204963966434561,4.050687317768088
0.6603905764665883,0.5079668801125383,0.8143530016564283,0.7667786607973125,0.06252140280631324,0.18683529908945543,0.6646140158441195,0.3447965588891191,0.5919569594002373,0.6534998401618404,1.008445025999936,3.9016792661403024
0.33540023623836723,0.8400867040827185,0.24566354764075277,0.6578349529866837,0.08040686049056221,0.9242315370169084,0.9581519916285641,0.9136910540936132,0.8375423098706875,0.6515644004433794,0.906270290082324,4.091092810497066
0.12343436572320365,0.6272539628035468,0.3742563349753679,0.9600164078204468,0.1907510353845006,0.8786040332580352,0.6975071363620023,0.5389027647516533,0.39656287929660006,0.5686308813303979,0.8375662282434289,4.255445727253342
0.04901522201525316,0.5587660877799276,0.6124477302191746,0.7800107708028774,0.7081945319225067,0.23955029000581304,0.8960556124168632,0.8886260579651898,0.4220961154451889,0.5597399693817713,0.7962343124703313,4.279870530328581
0.2804594160123452,0.16412559908561708,0.8984657546266449,0.10958423872313765,0.6639702720022689,0.4779862671469251,0.5937518690042317,0.31844321703262124,0.6797802772323992,0.3791109798093566,0.800874141452959,4.31301564946727
0.28204379438823884,0.5937967714795792,0.160750816570682,0.7324844540681646,0.1417492545292612,0.36379617183170737,0.05954478437645164,0.25896115316007834,0.0805503934743698,0.7507636039019049,0.8712945848843786,4.272010983879153
0.16783333209143048,0.7095965969593445,0.27170420101469284,0.7841405669697393,0.03230662444073146,0.8660605815135136,0.24404372715444547,0.3786985801365849,0.833782445158678,0.13834251044446588,0.8898332269831591,4.276927046080153
0.5358539379580242,0.34301409696306684,0.15955124058609116,0.5730620859881597,0.9055599005984137,0.7821874542033134,0.023964593485712365,0.6468750080650875,0.6707746691437759,0.9966625609340612,0.8630530516769159,4.148504272204741
0.27610008235487793,0.7390787906532745,0.1263499828964178,0.7554820779790659,0.6779752369009495,0.6513713645613549,0.9826463243861532,0.8985661741472466,0.605999047031335,0.8683854707249904,0.8168535302337434,4.127323397086749
0.1853953762323081,0.847472544846859,0.45353985193464275,0.06593393646530227,0.292352950157188,0.9887375003814677,0.29385477981444835,0.6620389929971129,0.9760654763737456,0.7845415376494235,0.8402331241586825,4.233478600707336
0.08160261861911433,0.8083183924694362,0.8849698626471215,0.3300175882665774,0.19382767433280082,0.8736029077782063,0.5679354463548871,0.778361195270832,0.6445450322761727,0.9294202383720096,0.854901124327418,4.1765271816324745
0.10280760953485485,0.5989023803270321,0.6013106729743837,0.18142149688272335,0.5945704444270276,0.14253294314245213,0.15828055759487195,0.9467500937372874,0.7856266782670724,0.6249113608848892,0.8193359688068544,4.360363919159216
0.5574961574288317,0.6613037842338183,0.022581992665309462,0.15119435118917093,0.6676219065916986,0.7313152212469789,0.026725372459502482,0.5311494925984216,0.024617369796317706,0.6542107405464361,0.9204153424476793,4.102036939075174
0.17175892658416755,0.551670747170742,0.5141995440466278,0.9176901740535851,0.3071994655287345,0.7502115539598405,0.020439110753474495,0.10882811917692962,0.33534710656298666,0.5050639709603836,0.8442281238074781,4.256440659013874
0.48881740769997456,0.5712983596468229,0.16789333349938756,0.3345560705549804,0.9916108135053634,0.8397261841820898,0.7645194449405752,0.9589663814057251,0.5841668256320649,0.040088642182573526,0.8568846750464604,4.1069732737225
0.5285145045650121,0.6077275418143991,0.9331955448620889,0.7978428728907521,0.42701619450555717,0.10156998753049123,0.2514449261544607,0.9488655217402565,0.014291030802841786,0.5851030019038432,1.0485707802563882,3.9501017477731515
0.30055921166499466,0.65739323841574,0.19204184616974682,0.7468117565216615,0.08486872580595259,0.8204385166864466,0.8273248280596702,0.14309037251000117,0.3820126433596842,0.5361913402672188,0.9044764157081234,4.227537870963655
0.02221307058268379,0.5375131529538127,0.3022309194070166,0.5634430692359028,0.6164813205152153,0.5766582445437465,0.8575630553291774,0.7023478831204872,0.498324231105497,0.8193256762712,0.7286635982691975,4.356920510203086
0.5635401273524879,0.3501421944675256,0.5758414095323633,0.29584650596973333,0.6289429735832542,0.6389887836988458,0.7420624230276762,0.6342765673866889,0.14450511845024866,0.8953017768966656,0.8871309371931898,4.090410131587677
0.7285640438752079,0.48337853113755397,0.13893464306170009,0.8066156397592062,0.2263158747562489,0.24625468941101494,0.3948169748694463,0.0856735022403242,0.5828728051327996,0.9347497583482032,0.9655430722500526,3.995387537727287
0.2937691276766026,0.7033493712361777,0.7334045956077682,0.5078945529516805,0.47671282462864967,0.6605967014024763,0.5992436070160371,0.5030487428092509,0.04943436705925796,0.9198873492767744,0.8982609832410552,4.106594852113793
0.4570010984689987,0.39892158479314604,0.13225925281164258,0.8330298239364174,0.2680278346679216,0.9304494170425014,0.20953549404356983,0.7252625898476774,0.8399189420012116,0.03913781328044032,0.9091408366843375,4.218241223134584
0.10484052487062945,0.32902538874854476,0.40802590511756553,0.8990609401668287,0.46607073359583995,0.5300902441307294,0.18759212445268092,0.9357227654133699,0.26578283776547934,0.14898469053398003,0.7736674044141696,4.381033650611295
0.1488714549870736,0.5851448472912244,0.8680399295549273,0.050733839553356364,0.7954390346873746,0.8024448649217769,0.884695676122764,0.8299922085605617,0.2775937041191365,0.6187973913790338,0.767722426532217,4.246627478976931
0.4590681989711519,0.8100809657786335,0.598236522101476,0.2542384433170617,0.5728021449609276,0.5084211202684435,0.26870481820018116,0.4108309640333248,0.31796008740756165,0.3460904039326084,0.9442439842959274,3.982010273781054
0.5837102687630773,0.5355161360502019,0.07209551863089225,0.8834555899730555,0.016822412564849995,0.8470782185313483,0.10081619049654923,0.26247448141739493,0.7286010944513502,0.9366899453968067,0.962256702341829,4.06191068579181
0.2868218007532819,0.49946918838882726,0.9024683007450723,0.5170482403379515,0.0137801468839929,0.544807361622937,0.4205120496781588,0.48535991113115495,0.5465506010342361,0.8937711438260669,0.8733760042127774,4.191427638498547
0.6372667356024471,0.9409580731720533,0.6474292462079987,0.5348221394350744,0.023469274091519075,0.7049839036058777,0.8595851292745188,0.5622025536492457,0.7036505420591151,0.287516486773863,1.0818688598550699,3.8397461461636118
0.2734928678046985,0.5409945038816664,0.5299459305302824,0.1696411384359386,0.5264413850823493,0.2695939964753554,0.8398764877342847,0.9393218776207386,0.9842301486784422,0.4004744440746016,0.8027715045113207,4.264668658714484
0.6723368584533229,0.37470056597260154,0.4476092352758864,0.4596715085708769,0.36841934624643813,0.9539600399664199,0.06696323987961861,0.41469960449998705,0.5545202284902575,0.32593515383772326,0.952525516050788,4.059193474565987
0.4775573883794335,0.5339156443374434,0.006046568083164746,0.4244341727819195,0.831830060282645,0.34055314119526164,0.4901528182870164,0.825772133966985,0.09043993977383924,0.1857207215899852,0.8760496448824882,4.189648753197362
0.6555482777402544,0.6802880527970173,0.8372444526179599,0.8876391121843417,0.1503515989096617,0.6824768642442158,0.40187454028944913,0.6119921763549615,0.1605799483208387,0.24191102432360298,1.069455898133763,3.8127390198720086
0.009367207503098662,0.9664066950253162,0.8947352988084091,0.25315699187034885,0.9118978203846587,0.5234619274388458,0.7007789410204446,0.9535517895091845,0.8776264946943249,0.6477195299178705,0.8359232806538415,4.158013885440377
1.0,0.683030203451881,0.7044828423494918,0.8342712514568595,0.27035723702927483,0.5893693196007912,0.06843371994736629,0.6876660723562835,0.9114593774139348,0.4436407294016939,1.1030724306231026,3.7752001125522385
0.33525508589228886,0.7891539388339872,0.914045722772801,0.02635962914994527,0.8807638481191984,0.5494778832506806,0.5512643636134101,0.8865226884016081,0.890928402491358,0.0280742677194325,0.9262406714842493,4.083967596374269
0.19161485087523067,0.6359844860263344,0.8827374511582835,0.24334355438689034,0.1469266995522732,0.7146566707098048,0.5759097694971564,0.856793946500662,0.3718956440113729,0.6360981878972899,0.8505841055861352,4.218297884150183
0.41872580969805173,0.6817912166164263,0.25572360135726063,0.6525193947616161,0.37553473806592813,0.9721224338021609,0.08477037904504559,0.8261335454002624,0.38710253969147584,0.8677199163354302,0.9374310971963217,4.106744427158631
0.52975751954334,0.636955600552586,0.9936849757509363,0.5317500570716946,0.8261144842687533,0.6010320171930323,0.16436026561054318,0.2552246304065612,0.39262106510748784,0.8304647330310724,0.9937192498821018,3.9070103755495627
0.7303719478216194,0.40580803687238476,0.8725826245107,0.5427931331704132,0.05739302147682576,0.06645692699726402,0.7342300329708937,0.18663723756244122,0.9897739929334948,0.6767715526028525,1.0080537317378706,3.9458423478308355
0.4005423397618334,0.6149016471544279,0.46369533574429894,0.9962242203155555,0.6990622578972295,0.27790919173147494,0.1565021668103501,0.3403203219900918,0.822679350353936,0.3075496060179923,0.9551067119052093,4.078105373169881
0.3933462396652262,0.6970682060316821,0.47757168927821253,0.3977732708732578,0.9194885945803818,0.25375152919626176,0.4630813641512476,0.8662794620704662,0.960425489406795,0.014834384220580794,0.9504257071650586,4.1320567158122135
0.31562896525346673,0.3776814324825851,0.31323144124851865,0.6152165148126694,0.07212116531579003,0.3754538858082543,0.9857396958558805,0.2346390991430322,0.7912567969017558,0.9747260879143329,0.8248900178989121,4.305388338475963
0.34030716886748985,0.3694784478286359,0.08721666384418579,0.3763899524777783,0.6873883070825614,0.0008624600949312003,0.736260705380451,0.9088453732598359,0.869158945562285,0.3274384258146911,0.803873482665532,4.3605642199783645
0.41937520801706346,0.3996601814400389,0.7292405260722232,0.27967785933852435,0.4888077457937953,0.17675418628418724,0.7462186779654836,0.5651075041724601,0.6007764506318808,0.7925533364881203,0.8629853957162869,4.170728411902805
0.2665065586042919,0.42972919162666323,0.11414463784192523,0.8316790822303548,0.9146805526359388,0.04852356481739975,0.9121746625095285,0.482178585202049,0.6119187171242001,0.9408932023781175,0.8267171064038581,4.345748853511452
0.2578233373107772,0.346529580939666,0.6630179144229106,0.6606341643628504,0.5887645427962456,0.8413998784888214,0.7092286891511289,0.2992501529851882,0.2949242208201732,0.9959226039404547,0.8118765935180505,4.270226980100111
0.6020663739172268,0.3819288775420882,0.6936080322925731,0.22383492742032468,0.4400191012477249,0.07146120427479173,0.02994444417312641,0.23054700495428088,0.24540812773665785,0.827573524436861,0.9642982569658849,4.104362011645618
0.30864447318596466,0.6678875819119703,0.3687777974169018,0.7684326663589147,0.8767416663093988,0.7604454008527259,0.4302927257855985,0.986959487713444,0.5947395877564424,0.551837321008981,0.8558846839747989,4.114237956203048
0.2950651700303545,0.5886621082773172,0.3872664046190632,0.41643747811647386,0.4622624755506716,0.6800931667571133,0.26124100626848,0.7193020213761583,0.7972398287787761,0.31948765831376874,0.8382894550204681,4.23136375801306
0.3373289381884874,0.42620872603579696,0.06204380407018122,0.7570546367644297,0.8502070197560083,0.3706066743839579,0.5182693157124582,0.36075589741165853,0.49622488097164147,0.23896299276324431,0.8286932314817691,4.298299384160187
0.31773739507232335,0.7807029851435996,0.16423861182241528,0.3700641636777946,0.4492470005579889,0.20421300117229868,0.9020665232253834,0.855459257634031,0.6734724595227068,0.022603894990105258,0.8767468363071204,4.181678436371955
0.4424892181146465,0.8144816995090692,0.03853237291178129,0.3266053154336759,0.11141014735998456,0.2226442734392276,0.822445108530948,0.7213977458526335,0.6596680851581782,0.6719603229284412,0.8900640101605218,4.071747051671959
0.3610131028062224,0.4430177293343085,0.9360310051221243,0.9848856688980321,0.7889592324978498,0.8270069905029499,0.3355206124803839,0.1371203333662154,0.039241092882040626,0.5522412831952654,0.9083120813176184,4.0800156022837655
0.0,0.589637527217763,0.7385061285116845,0.04302578748080442,0.8726469532758613,0.2970993738138916,0.3807415314125233,0.8147576051783322,0.04294169192747843,0.42418511091091554,0.7995948558836286,4.397359848301082
0.7715516517030737,0.8184222484070938,0.8095959878801992,0.7725435297713589,0.682612297559687,0.998247059324924,0.08197333133669482,0.34784927581458464,0.08313563938117022,0.8529297407110563,1.0949530643315422,3.7256833748560365
0.12894029632540766,0.27712969279800564,0.5458804428114626,0.9997481161302237,0.48290577894955944,0.1053447125243057,0.6904577104020378,0.5062097395851479,0.35334210084541284,0.8291931944106423,0.803037729925012,4.354808150680599
0.879421331938633,0.63772980905922,0.311725737724803,0.9385039524090426,0.78232609915043,0.8125611598432189,0.09201338625826853,0.20006341876082276,0.40768817022781073,0.15395597204819098,1.0241743472224862,3.8253989973757836
0.5972523664630827,0.7587328992189831,0.35404464415027204,0.49453476494768334,0.274434945968838,0.7104960319043353,0.4790973742585516,0.6144195311236578,0.20283157689913378,0.7670099457560264,0.9953052441399228,3.9304945126526754
0.0,0.4929028393863157,0.6314220466590663,0.5784234902947555,0.7282176295536014,0.5184291406714655,0.48803928056455786,0.6316991508320354,0.5340470569025899,0.7321755527646914,0.7450225956148885,4.343970774199147
0.8303102201130579,0.6315113982856693,0.9799109050222149,0.36923006354761556,0.8158578347246102,0.04121472258729556,0.65139380050529,0.9845728021448699,0.683604868153631,0.5721260570531702,1.0637408644134743,3.820511277658681
0.20361842807869415,0.15644001128608703,0.6156529850228495,0.9865267936016741,0.9685126184370578,0.5079634679332447,0.8636165144587845,0.879738251208798,0.5185141103576167,0.41649650822740975,0.7822690122222374,4.2763460040115815
0.8223273275415619,0.7663857799242282,0.6616905318903584,0.6327145800151115,0.7724860018839373,0.6734078484137724,0.486242184496206,0.9225173875625069,0.3326500190380394,0.7130046248253518,1.0496381351324615,3.7507882843908726
0.7608869881929249,0.503371217125741,0.2463167357683839,0.9919911058245247,0.5541412959910565,0.08055842202843437,0.8179167897951328,0.27451097425689164,0.3726511379885164,0.14703440007488444,1.032872211840869,3.9731832194129937
0.5449386393642354,0.47798507854454153,0.032429146701916406,0.30861776460087437,0.41859449401520393,0.32680461724017223,0.5127208299638163,0.8330004982165184,0.8923069546849813,0.256068017546587,0.8748052420282088,4.168022356813745
0.0,0.7492349851974464,0.10096437627070055,0.43495618962931387,0.9649860187929983,0.47469814884582034,0.1689339017553572,0.3339806780368353,0.06900262652507162,0.04785507529499467,0.7984754805751867,4.36414708951398
0.422005780036839,0.5839125582896464,0.6744286828727959,0.9557626325614307,0.9486739686970088,0.3032526100070362,0.904300725695341,0.6956323472029994,0.06608550935975076,0.5811851255884375,0.9657415672738038,4.04114647780009
0.0,0.6929985795649247,0.9299124797533674,0.30264985926834514,0.18940183652172385,0.9182416959080051,0.5118425304921121,0.42658857594289185,0.42635441738499524,0.5431202416594209,0.8399391445381209,4.255713478207662
0.5998539736837697,0.9884771929445791,0.003436548508428041,0.6307651035671691,0.0471786317126891,0.037752809146195,0.6239074455326195,0.8527739178030008,0.19670922024461623,0.4052118087578288,0.9941170049076076,3.91877484592802
0.1645634805284086,0.6688143150471498,0.6269018887299522,0.5029271570591585,0.23683021020516243,0.9628302909581115,0.22845326561591764,0.8367948786959496,0.77032754747377,0.7830081160897056,0.8532356418275525,4.234363916992112
0.6670408219736619,0.5357913559158667,0.8569253763537542,0.7008018140734862,0.9276269198440196,0.4555541481787116,0.09798750791335331,0.4467015351408563,0.5760704653222377,0.659036121114523,1.0184291360865592,3.8895567179193486
0.24884789824494646,0.6704465675738578,0.8615521848048661,0.8954931888501001,0.008933783565697876,0.3143810700643972,0.10873641911286856,0.9269857042831062,0.5753134408258818,0.6633952871023486,0.9408713110492172,4.113913019424438
0.2619048316335695,0.4541418473683803,0.4008676444692104,0.5212489707119342,0.16263117465389604,0.10672689179258121,0.6016560488366905,0.5804714322142405,0.7805472187497066,0.4064576217603855,0.8045450688988993,4.301494170914357
0.0,0.8361206456366344,0.22494370234847524,0.725078416430629,0.7792659947794078,0.6081111500170717,0.9302322205409541,0.5085324145649459,0.8277613403855413,0.3048677393364458,0.8204799175251106,4.261183710744899
0.13356378742728708,0.5688384612231169,0.6361163025125469,0.4413006352016049,0.11422307731446128,0.2555249573506188,0.011340126507840276,0.21649158319827722,0.4738083938448525,0.6149849279791636,0.8219345610319942,4.308424878746264
0.3633899309930683,0.2553095238672257,0.83443601259497,0.016375684322205927,0.9561660726915512,0.5758288383237784,0.44471010672193206,0.7365236296323947,0.529324565006909,0.9435211447364482,0.808958520730095,4.250037623371798
0.20222357074646694,0.46905909361470943,0.27664667584501024,0.4135907904884362,0.9423059128900577,0.07669159414844974,0.3384199223733545,0.479075056534865,0.7504426044265943,0.20957907417520594,0.8147882904710237,4.411124108263884
0.3139526183483868,0.7469151779553009,0.990972552316954,0.24683547006740633,0.39132788162949694,0.29593009474347215,0.7614591991000409,0.5294473903883242,0.9691545474443903,0.3875609232721091,0.9254264407413124,4.069124835073357
0.5543921900223288,0.5955384081738407,0.6027107716137607,0.5656328554513196,0.7513756589296436,0.4429879730364002,0.9818328818512309,0.8070770888393288,0.4215798692408844,0.9656552304943019,0.9524657549366109,3.9628913364061007
0.37757788543129145,0.5991549363147904,0.4750798996562573,0.7776819122094868,0.7134888755819824,0.7746058502234221,0.7793933362830913,0.8234764693179379,0.5168693701233418,0.15621938977334004,0.8647254105034402,4.065071651505243
0.47315153496497364,0.5477427863863183,0.9457093479570607,0.6351230187742605,0.920090589767576,0.45778540982441823,0.4597236910160983,0.7833809562251087,0.44936186031851005,0.9687948919499361,0.9573085985439908,3.991628420047591
0.6633467022198984,0.46372184186524334,0.33420786233791927,0.23296834371885855,0.575818153477737,0.5849383895053422,0.3171542725318011,0.8477293038202602,0.0007167078428523757,0.020099949896034048,0.9209161811910965,4.06031450982697
0.5268567465716029,0.8228835230422757,0.5798772779306165,0.8259970015472513,0.16971191569026722,0.44483957292545284,0.15160789342194553,0.8202208146884297,0.4676159416547093,0.08444801610256472,1.0543557486576653,3.908663974968482
0.34880799565546594,0.24802150934391926,0.2411264231779215,0.8471866697113054,0.18249766701979783,0.34370576185802226,0.35450124635075103,0.31259483589852083,0.07353302066649874,0.011934011584195662,0.8312028505917941,4.283211345157601
0.26033675878718754,0.5117285302865258,0.2307664038045092,0.05853457391433693,0.9558784555313816,0.8317235980689214,0.47562055008633874,0.14593187554681392,0.9588702160220606,0.00953904376296298,0.7856812938784329,4.377311056812616
0.7781523432150699,0.23570755247579578,0.39919205114706885,0.6033981628717411,0.9440359942549257,0.6599717756666356,0.901634144352113,0.43499431831465174,0.9421402990949048,0.44627269987163115,0.9431397650947794,4.01624607214747
0.0,0.6182245032774623,0.6866406723685898,0.8181031848894635,0.953797116921931,0.6378870554138345,0.7557082351743192,0.7674260767292351,0.19151364117198677,0.5953234336620911,0.7970448236000968,4.257188400033221
0.4033277553103992,0.6776998268967303,0.13089571409766795,0.5493802266877417,0.3938614044197451,0.9298738724589038,0.8815708096807905,0.35940208204784213,0.8061923797425649,0.5035739412883162,0.89556089536471,4.136654300278499
0.5044978675937644,0.41375600754033204,0.8239631693278854,0.8499364947222777,0.8571989164425722,0.10245485110869902,0.04437244027971233,0.2955872762232008,0.055335079171064144,0.7393414467170664,1.0066762796825757,4.078853690836534
0.6060259956642186,0.49258392521932665,0.7944146969561986,0.15393798383300336,0.8919328014851017,0.5526865896305728,0.54043551778136,0.10644817483360415,0.7654432317919143,0.6872968282032483,0.9493460567681656,4.0147319214178605
0.2989066584950308,0.4487988321287475,0.7757912437648846,0.8922716452732324,0.6935867487773048,0.6054676223381015,0.1148961942211355,0.12568529221626656,0.09984970739195592,0.04544276960325545,0.8696148494411796,4.166830718778766
0.6356937510979338,0.7163311601019668,0.5241282129878893,0.8120202493201929,0.6338924694194878,0.7226760461910536,0.3570683176350049,0.07457365325879925,0.19825666465504393,0.3699938025303114,1.019630228992995,3.846167606702811
0.7420191787680637,0.47384276174069206,0.8531370727486861,0.7415579575664084,0.8400486572135613,0.857368406563452,0.18857904107285145,0.7589106872272863,0.639367040896831,0.4459112801171626,0.9966038472860085,3.8594766736755526
0.46129546921998166,0.47524408531677376,0.36241495239115545,0.5894044959463539,0.2787358748086884,0.9082653094773405,0.18364044302593416,0.0041746026267175705,0.12258115451821194,0.20312593691158323,0.9143505638930848,4.165707019149442
0.4073686664912514,0.6262050602101379,0.18007087618370576,0.44783434164590796,0.26144025341313454,0.4506376558546358,0.35212002501761475,0.8123233036652349,0.02972294527582139,0.38941104677192545,0.890411587747765,4.170561305927118
0.49422495619069007,0.5643763559269926,0.8866800926720335,0.3812261020734904,0.583248693620309,0.9226125872327288,0.042762858661632715,0.5929606660149869,0.9579230593669995,0.7774450087983201,0.9373563786651546,3.9980563307829233
0.485585237844268,0.3542203999113789,0.05724794618386906,0.605283254489017,0.17971302744452378,0.5708023780234277,0.9687648574690909,0.4512211944500875,0.24314071469672685,0.6750622983429754,0.8723949251295182,4.22804456395949
0.05879138628768865,0.450170982179545,0.6386289775080043,0.07928439116888905,0.15349787115769817,0.7577881428116191,0.8946298787246041,0.3692516855392472,0.30164120128884314,0.9620956774231023,0.7777868618537841,4.453567556323555
0.015717116138693976,0.8162999243440061,0.6289813009123585,0.16241078780137602,0.6126937593945113,0.8189631295511359,0.35017928242805885,0.9244947641236213,0.7338907707424082,0.656028856124736,0.7918371693284182,4.234943457348678
0.07402587336233257,0.7218866232326293,0.6792065096700072,0.20311462728371218,0.4696112947632494,0.910767297257641,0.10212238842700387,0.48134125896569296,0.8853747148059342,0.46781733838644035,0.826416511728223,4.273099576045579
0.6232831187828209,0.6083100419842165,0.8641050099928516,0.266771823286788,0.21685345944907078,0.9806522878496207,0.49986439992457626,0.5909824566675776,0.14626249789950935,0.1445096701399994,1.0021569040176264,3.931816509600351
0.10638190246306922,0.8272692057438087,0.4363669196060927,0.9471779369148948,0.25292954864558864,0.07479127115556031,0.1426649276849387,0.4087659265814339,0.1832928545282404,0.9793532368690585,0.9076129819696814,4.203812897308193
0.3276297577098146,0.553466421263116,0.5410485044343846,0.9215198138342554,0.9713376449489981,0.8373825090358378,0.03074769937398223,0.6004046288760863,0.8977485009241939,0.7786920814184976,0.869827932473905,4.119197219169272
0.36992406361732894,0.554674967094225,0.8508265813914726,0.2093827797828245,0.7606161638673219,0.5423123127540315,0.13450038623179278,0.9620440924699157,0.4538126124664951,0.3970893887896244,0.8951194308014717,4.150178458518448
0.4332244195610512,0.97569056536377,0.4195939603743334,0.44818815073506396,0.363672787465276,0.5787887734432482,0.0244210652028769,0.7686122410076072,0.1270166341857764,0.6666762908511501,0.9872173699576393,4.019946323628824
0.5316745817473515,0.5149156491651711,0.6166440910017568,0.4182273368412828,0.939539355838321,0.4150526837216357,0.05083176949943578,0.9926903518357855,0.03785565472746099,0.3655987953897888,0.9782250352070999,4.094323313956415
0.4043860510797592,0.41908033237455966,0.518151887697749,0.11870540658292193,0.2945227169243264,0.8075885733068365,0.3316886814156585,0.9568902422189235,0.9088571904318834,0.24898458999884035,0.8607795329482782,4.260170557393531
0.06589821599323886,0.7081963583748531,0.047312668613954216,0.9138003544005053,0.3817974425540764,0.8753805969986026,0.8410710794117986,0.12385779942048282,0.7259651325402936,0.7233469943042296,0.8154709293327058,4.299621632481759
0.4679935680435823,0.253511971556338,0.45818400103312285,0.9646431736055681,0.561814249436724,0.7667086306032791,0.3241546517293817,0.8083918722199374,0.047950492937836146,0.2747827777229819,0.8847232723139171,4.118323247795637
0.6196912459518309,0.9584036414407209,0.9130375325636942,0.5609483371957921,0.6753021228066248,0.13837878978202414,0.04920829717635606,0.8599079060046345,0.2406494753330643,0.0707323833078009,1.1258466118932446,3.8234445682624036
0.35302949018063357,0.6884554657567376,0.5557018047501034,0.9249959220755253,0.09781998497141989,0.7325806710693906,0.639576431605883,0.868759294849638,0.24745589420843747,0.19766477518900358,0.9397601343831431,4.056713627048361
0.3019158594743733,0.6631291529911815,0.8591636686728115,0.290158776076511,0.42212009578869875,0.8965299790109355,0.4572104350732521,0.17605088494814514,0.24847359372107614,0.5126242485890545,0.8996271107675977,4.135928727939708
0.2542717711339926,0.43864734944003037,0.10798704571720535,0.5924205240244164,0.28598255726305366,0.38459591693520484,0.5442548041111244,0.8968885302102544,0.2808735435077168,0.1589538116215898,0.7700173225240293,4.3432466980554
0.21050490179900594,1.0,0.2354025583425366,0.2752984796072733,0.5530507457251873,0.8298974971894154,0.8093879530850612,0.7807986213621861,0.18763335403596643,0.42904957392171367,0.8217451734890395,4.170639974723449
0.587123679076345,0.7202605280883654,0.01718381614757981,0.8622970254631643,0.8589471929419707,0.054616517085535624,0.1495362456466692,0.3102525267871934,0.2983021687655529,0.29983588956982465,1.0158945398252908,3.997910778454881
0.01350585268944704,0.40335276340858656,0.9873623898977818,0.002929974085368333,0.7997696921816463,0.32208663688145034,0.25805468011660254,0.4931761310602544,0.8494838212071272,0.9176732217729007,0.7480779038119314,4.393867001035369
0.410324434671478,0.21381312904228156,0.031759091078612946,0.10118194271055582,0.45235993560733145,0.2613853089324118,0.8513742243546127,0.41634189944037203,0.3698124006185403,0.311181239614461,0.7879411696519998,4.36364713898633
0.5209585205804375,0.48443023075263736,0.26859445100237583,0.0916346228804025,0.5205310224880375,0.6066063307018379,0.7714346192348702,0.473851825994825,0.12455057607833663,0.4707888929848595,0.8599758137311118,4.155703410923166
0.6752676662659309,0.9142420275089373,0.8013658375714112,0.3651827080883952,0.9592160814499922,0.5911581757549551,0.9327348418600776,0.4864043491806606,0.9028345704181836,0.14005459220505298,1.0751400098463946,3.804676602511203
0.5253151653464068,0.7746472619541648,0.2121648969914224,0.929797778693727,0.051640404198981395,0.5669291565820349,0.6476599446191705,0.7454471606247746,0.46089773857040106,0.38432413950503314,0.9871672512085147,3.937584505020159
0.7341518956129462,0.44721254070915684,0.4543785576328966,0.9011851254056306,0.6491998567269576,0.04790869429625727,0.440283154464128,0.8492715635153189,0.6693176769330776,0.3985848778816298,1.012524255092118,3.9645443262719087
0.23440176016191155,0.37499926345951257,0.2939454718334843,0.3126344082124203,0.2512845624823072,0.7724897936458959,0.9199932913107999,0.30455900427159344,0.8671526944553682,0.22883680553211996,0.7940875132456718,4.422727261898391
0.0,0.543475373236755,0.18548121953181024,0.27260301038984314,0.7394002101681438,0.22564318560676483,0.2943184018744857,0.7044614019310285,0.4875711887513885,0.5300222817923942,0.7327910744965993,4.483059545538055
0.0,0.7964631770451229,0.21968204979056197,0.7459352004398542,0.14521444802821562,0.35120673926072965,0.5541436897614036,0.08981419145004615,0.6637566055758654,0.14290297924248277,0.8442841192390753,4.3341787569335235
0.6397011064242051,0.6419620228750201,0.4963285366117066,0.6202610336452213,0.3716634841305487,0.8045506361095343,0.9924076423081043,0.2971719489600401,0.6062905377616262,0.9856261278034965,1.0017416893068989,3.9193225683081616
0.25018359033723037,0.638712194259311,0.3339092407274333,0.5142057832692577,0.8180298336134508,0.7898574725408488,0.2655650322034035,0.34313006434869825,0.6576338668821661,0.5276104114655868,0.8058460525353973,4.203804185157644
0.5346735436612402,0.5966340138724816,0.04049092610765742,0.9596572414045227,0.6610323142195478,0.4012975583935842,0.3153740126337137,0.8513702453019483,0.052154021287864526,0.26805224217529416,0.9539877376472509,4.050233678817896
0.8411992401746338,0.47156666506369993,0.6527560827460317,0.3531624395863233,0.884656917532391,0.2279743094119703,0.4421021593748215,0.8171014307322089,0.8574544242199745,0.6998032480203197,0.9939109223017509,3.9459597235014323
0.5756275208543347,0.9809883715830549,0.9755730522847624,0.8778149287400476,0.34977712922102816,0.27941561735495785,0.923721312071066,0.8658093242239122,0.5316999996499864,0.49772276868719034,1.057997813999978,3.716047350644908
0.47860165045674535,0.8814099605988333,0.5704663913526843,0.05375079036159007,0.3977075509954789,0.36048147511848544,0.42266487712167183,0.8700421909366598,0.4923414048524851,0.06251584185440495,0.9666824877308744,4.0013320742024305
0.28540464437290114,0.6937437919838249,0.015369109080647193,0.9189634080369774,0.41230390044401055,0.2849906576686238,0.25624174946300066,0.7103234999125938,0.9180371738283671,0.08239071106404447,0.8906638148464702,4.216874709936929
0.0,0.2853455850093851,0.9167776568939378,0.19518983153654856,0.4793659666746042,0.14590993501621627,0.038717800403349906,0.1951445708166373,0.7885998420535233,0.4613941309824135,0.7599526946177053,4.470533620063053
0.2001589639936265,0.7299893798660296,0.8915620225749333,0.8260316645867132,0.07403014380476597,0.6961659335662469,0.9951676968661938,0.21880249190174295,0.7923306071750585,0.348886310426055,0.9566367374891925,4.141534282016441
0.0,0.7903173016864624,0.4238960215484504,0.08468358628732987,0.12727237190721188,0.7275468562759084,0.996914879600766,0.9513057538482758,0.8550030115972259,0.26352727910766977,0.7895251220550549,4.34786084674848
0.5705717939446948,0.650842323683856,0.1918783395312611,0.7953278168518685,0.9763404183384153,0.9125960397424583,0.8873034479279455,0.07769240172908085,0.6403071818130365,0.6166154914739885,0.951516731418192,3.9649444626625683
0.29575010608498714,0.8060916584750998,0.5484545995922364,0.6691393724965072,0.3276436394567685,0.27131254444300834,0.0911531668237472,0.06516924485872266,0.4630016239305488,0.17436161147500773,0.9317719514615251,4.0972141976775776
0.17928647823345134,0.7993348493481311,0.1702407566440818,0.7118310430554325,0.8992693506381165,0.9007782450147773,0.012943770016179884,0.1983406266910904,0.22655400330382236,0.7493113611554867,0.8375941044148747,4.204870424962613
0.399258946778301,0.779623541970716,0.7374027724105567,0.4576105556049956,0.2655802166944395,0.20012896098024333,0.1618168967636773,0.36614406789399,0.38135313585714875,0.7041162221410194,0.9631554570856103,4.0131002205831745
0.23952070193411928,0.6027057119640571,0.8325967232802193,0.17724616873848129,0.07600018550536079,0.4955575286135724,0.7585646571964748,0.9210234970706266,0.8870237550620504,0.6385626517001015,0.833197625144286,4.2069433249326575
0.5408435041475059,0.6102711238189747,0.22141608871708832,0.1560275962929164,0.3207002640557478,0.762265998397103,0.5806165732283728,0.4913603562754041,0.6322839338120924,0.5164416548465995,0.8983821552073188,4.083535946607245
0.248200538424565,0.26762475901737537,0.1756863431770442,0.0810831142574144,0.5067983307447294,0.32923775447411885,0.8034466450890662,0.5433045113258773,0.02017137463139155,0.10037225260799182,0.7367374302742489,4.455617102802581
0.35355450256040927,0.5468685726130385,0.3485731623022959,0.6910628647717839,0.34323986886332797,0.8485344866773736,0.5369040483077974,0.9792236792271983,0.21982015797884236,0.4598689537269763,0.8632215384793316,4.178553698004349
0.6100278337710304,0.9172261857381456,0.15288577070866674,0.10356832076180081,0.6540972804411582,0.47259935984510004,0.6629621329867722,0.28880249190230456,0.3186703286517949,0.9223487915831302,0.982609302004794,3.9714190884273957
0.5171752609135402,0.7177753457298117,0.714686304701223,0.6710007248861373,0.8095889466458321,0.8231228261341514,0.399600402218877,0.9025857964120084,0.8313069842675146,0.23052448599913747,0.9832874061693775,3.897773941220093
0.0,0.7866957090520117,0.7592543407888459,0.5446982435535779,0.8797683583476348,0.3056630977515273,0.5439196838537405,0.11757476029654587,0.17726943397025866,0.03207405784366864,0.8844725979092692,4.2628685118400504
0.19061391958141297,0.7575046840952051,0.9410045884695211,0.5135663316321165,0.13342848171697896,0.512863350951442,0.8066898478960098,0.6042058823570154,0.6421878555598418,0.35699807007890366,0.903045621910307,4.126451195339594
0.3462781503545142,0.5511255696034261,0.9849772002231734,0.4004405690705574,0.3530546288912427,0.2516634163432905,0.5342179641873204,0.6703500619645139,0.8410218250545684,0.4621739204207099,0.8889600265933698,4.105135714716204
0.6909282008691641,0.7143005516152439,0.8219735878467005,0.16773164424686765,0.23832949311514012,0.16440201652329556,0.5066781520069814,0.8737882071740786,0.4175138039604188,0.5832925408851937,1.019156797313781,3.855352416290671
0.5900005837943282,0.6663136549517357,0.9688852162569548,0.25642528412378907,0.3563969051960049,0.13474989197820159,0.054316949259238356,0.31564167561058976,0.5811170254940845,0.5358951065174216,1.0241811936851464,3.9153904594843527
0.0003874760653494458,1.0,0.1622660904224787,0.8502716784011835,0.21374662465138353,0.29843199394701314,0.3727046705772585,0.39650360239851723,0.1709135006934116,0.13284256160294564,0.8392126845692199,4.228804623633366
0.14649457551724626,0.4418804448272311,0.26248350788481994,0.9751102940848579,0.5846905366262417,0.8946170469662873,0.7991161555511079,0.4018522152411356,0.8952858407495788,0.09708525230930043,0.7884797512776384,4.343090029872263
0.582144496388681,0.29582921102636184,0.25113421083393656,0.14223690250347246,0.5660109394191857,0.3061125184323757,0.7819774858916503,0.2833841313352869,0.28274102600507306,0.8511215028074446,0.8893081658563778,4.2006470446883855
0.0,0.6745390541422691,0.6854242514846504,0.17437639389111684,0.7661860308568558,0.2304584212566478,0.8526037930369702,0.5758270084435263,0.878771893505624,0.7680491771029072,0.7926873567961786,4.324672894792834
0.946924329192046,0.3824244653650436,0.7607829906751785,0.16513390112826065,0.6367494866720645,0.19846820152912256,0.4349271059954334,0.7138148788458674,0.2695438639340376,0.06018593716083696,0.9950170339951243,3.982746342653241
0.12244441202061962,0.46255985574431524,0.3730826330213382,0.23818221966720396,0.5593250648457869,0.37814639096425656,0.2041809308186002,0.1978261597540032,0.27887487664732047,0.2603751089218778,0.7498723761496222,4.419612046134389
0.4391949764001804,1.0,0.7021075598795221,0.8105067072809214,0.5223640504623287,0.6674105870879937,0.2733671241024923,0.11375793662287535,0.7870857808754647,0.17043605120678254,1.0119400443848985,3.895421362624572
0.5004341563123098,0.7462112010084179,0.7018835305238048,0.10488387065835018,0.19423123106813575,0.1301637884874552,0.6378743740678001,0.2256131896883613,0.35480646554857476,0.16155977878148028,0.9871157235594386,4.012072992595382
0.538628800384936,0.5160267821005158,0.07536678996325233,0.8149199425628676,0.46039880930197713,0.6169977890574931,0.6669323700500897,0.45697975295520477,0.3941131591302183,0.6059360154548619,0.8928005741652908,4.06188688655985
0.4965800969675797,0.6016400616033498,0.8161857788147694,0.7863326534995341,0.9294503678658786,0.24940136019152212,0.4495977485212035,0.9001396451406278,0.47709509131039646,0.17863212362132114,1.0062251591093583,3.9782368381472466
0.7005844124459397,0.744288301570551,0.8277337332006657,0.07561729492969141,0.3109273681846334,0.8607226120183474,0.9749080164096078,0.15017538974564745,0.558126605736556,0.29365049226669576,1.0594877985854105,3.8875830075916458
1.0,0.7254506618185756,0.06548470279456663,0.332072290776266,0.35484415821516785,0.6030783086558557,0.5732277289336657,0.23685494714972613,0.7669099715732693,0.6087094394554993,0.9998878414663034,3.8970219428394857
0.3716284791530406,0.5904569806918243,0.6113028029372654,0.15837273768441257,0.15474196298347276,0.19455449932450877,0.0471996381065224,0.2701475813025179,0.2083472461154706,0.034263016125623484,0.895935777229438,4.191933870590613
0.4083662747643636,0.26573438251885206,0.10245924376998544,0.5257705950784192,0.3676185379175527,0.19642386966007327,0.7139793744243067,0.8417913812997313,0.35628020241821434,0.016660943377460054,0.8120223341923642,4.2850662559451385
0.029863444398543437,0.774014247599595,0.07932679241152474,0.8711746860180887,0.6347792502505425,0.14073759002303568,0.6088015592135269,0.14154113710841557,0.17896181899834873,0.951274363646284,0.8660429925946594,4.327892241780998
0.24336691228520882,0.8612669941818393,0.4102697371831813,0.6595072903466298,0.5461112447860159,0.1726624449783672,0.32739309884442935,0.6910555073925269,0.175202559767963,0.8978642206050342,0.9215359402903495,4.157093455429023
0.7199235221446879,0.7716631286365492,0.7935072348626007,0.08732883484679481,0.8112132571068571,0.7845415415180089,0.48166599368113594,0.929575539598885,0.6541595047352516,0.09208705755095659,1.020066113367341,3.828819588625207
0.8625731939771905,0.6708496052838449,0.8444481732821237,0.5700834045811332,0.9849543014868576,0.8900698289885762,0.06231923057485973,0.8936222164555573,0.8141123205346259,0.811296722730236,1.0442807654657855,3.760971035196936
0.8165339527788419,0.72350237354064,0.35239740086732896,0.07276962308626006,0.3382359262870067,0.33383784102513847,0.8757272149074721,0.034115004958486184,0.10199402453679468,0.12387083432591053,1.0287037311396499,3.938510681045931
0.03881924828185296,1.0,0.2284122306365383,0.07111376088746119,0.8425476376530712,0.09558229894970212,0.6797716072981157,0.03778606909049398,0.748946692110011,0.2183057709584487,0.8683434627124218,4.368733741049749
0.5692350292931347,0.506344444335819,0.12443096064171914,0.3781961345519053,0.8357240156217194,0.9684876659894828,0.5598986900638189,0.5983937251917699,0.11037296887649038,0.0023401102848729124,0.8569212418120856,4.071895840403305
0.0,0.7089388311039776,0.20277351862952633,0.6761707389673025,0.09909013379545058,0.4932652578820186,0.30426797654321486,0.7987518791333553,0.776554326143806,0.08679572590195164,0.8328738546771214,4.3592262505494705
0.7038787152838293,0.7242327172764237,0.3564168718964527,0.21750444505218114,0.45038047892624583,0.8003578039790439,0.8711705262388926,0.40657832443512065,0.4452003699827157,0.6856383737816768,0.9846961522842878,3.9140907690892153
0.629387416388307,0.30964972824176074,0.30954597990821486,0.4871837729176994,0.1969858606231513,0.8707174408443604,0.26763155457669807,0.9653298839461273,0.23727710837577057,0.1274209168746307,0.9405535439089379,4.128908580281259
0.447014014101358,0.8015551669737868,0.7352555524973061,0.7281984396379305,0.6897058553181238,0.6335525435838606,0.13926475478687422,0.3484564817246999,0.40295443772652423,0.1907435265200575,0.9895759035079605,3.9220799653295795
0.5518112432010043,0.6879251190643461,0.25698019556868446,0.932377479518955,0.8133889078092897,0.6849854733797285,0.24219751936485273,0.46571218637773404,0.009903693952810303,0.7187189661830282,0.9872376885392347,3.9508440498735586
0.255046574583672,0.8589287356109179,0.9048463350642696,0.582416814061825,0.17375165843727738,0.21952690790801896,0.41263298678431737,0.6202556207425508,0.3741988812996444,0.38273605492127993,0.9233817145021285,4.038847477612232
0.5113198558761265,0.7054033327571032,0.32461215662149845,0.9523645862043141,0.9096803635127937,0.8337974901703546,0.7311215484777133,0.12994563636889225,0.26612448657783916,0.4108225130261429,0.9728278907589293,3.9463098082849335
0.22789503655128532,0.7292180366625344,0.7519089639214542,0.9034202624852927,0.626843796415504,0.189315428837426,0.2874023464755337,0.7851063385918489,0.21146942876749855,0.006499341085544597,0.9441204798054883,4.124722708891545
0.35102654557368285,0.39100433860090955,0.7712522917567354,0.7623519766427899,0.3509740101333989,0.691500025515719,0.0038471175312182115,0.9411340475463899,0.6936049370658544,0.5887258761910186,0.890150878242188,4.1821306443879465
0.7865017096619396,0.371933106607068,0.261261022650832,0.2136183388204564,0.23435720158001058,0.9057987167446424,0.8439791310826835,0.4968815989054846,0.18028885132621872,0.26726704150876723,0.9383188866606239,4.081086226643613
0.41648929079936237,0.4116317069799186,0.7966549775534459,0.34230278709561646,0.7521799597875961,0.49753689159966524,0.9361880733644755,0.000145998267382077,0.22960931162965897,0.8748529175363158,0.9150137792216576,4.192021396170469
0.433967576662749,0.051237243370255814,0.7132470666028151,0.4294661578220196,0.38233729323800025,0.643032946715645,0.7043801148943671,0.18435091144246413,0.49534063701505077,0.45103099156976034,0.8646905911461475,4.1891866614399484
0.5230829429117813,0.5844960610139411,0.8041269284421452,0.7980121188403293,0.13480483756484565,0.620982534800397,0.6131827563150382,0.916424586451998,0.950157876947159,0.7151314976460521,0.9771437532468177,3.9340021593141965
0.775794637931266,0.3508063729682551,0.7260929375187795,0.6106006612432391,0.44778541233572816,0.6759551655288846,0.8776455335916414,0.0033214288481394193,0.15381723239206935,0.37162705111009625,1.0047364341788112,3.9686274357943834
0.8907669250600119,0.7821663234952344,0.4177385393355472,0.858312862545411,0.6788435622601354,0.4809219604417786,0.939735327642695,0.7151319635899235,0.9647658040431631,0.8702416056453597,1.0389681562183015,3.7351612440345905
0.6637514176912689,0.08487548315301874,0.7528803019611895,0.6278083212482493,0.07020596724704176,0.33425926546249085,0.927487278182978,0.9145155124368537,0.39933988490777633,0.6905295059132974,0.9414265011138985,3.9928997683839538
0.3874696230746736,0.6138914238303665,0.14702972435780076,0.20046012868485696,0.7546961481110742,0.09602557769789413,0.07020909583421552,0.7623476577668162,0.7592565073628198,0.644912428568686,0.8867799851398986,4.254544025469993
0.5682767234067344,0.5606756976999714,0.5926881942358228,0.3251518924289822,0.47109124735669655,0.5626512057660019,0.6433768858614642,0.1157092132115758,0.34689979068550686,0.822304449360795,0.9492271424471729,4.019645646868862
0.9196146559422238,0.5824609241426193,0.3978474353606213,0.3117847460789873,0.5872650822430422,0.23283769553979022,0.49730133119357967,0.9953226299847817,0.4008926521635581,0.7870508553184891,1.0000954138968638,3.931901818379622
0.22427759439401257,0.1905753489371524,0.7094484803817463,0.028691766192802986,0.6156553520323119,0.06173626550665406,0.23628387670022502,0.5887789260752007,0.5662405379972815,0.18921604795620853,0.8016161669142166,4.430456516539611
0.1983569614098033,0.5920562629793716,0.4350038870174495,0.5224590509578564,0.5935625003349124,0.7373607834485376,0.7517096382077592,0.5674700655095577,0.33879441248811976,0.9878684145721047,0.7925791945818738,4.246840254141696
0.3234965388588854,0.7263447681612443,0.5904001779640977,0.6650935752356518,0.5170268158075114,0.17423792395811188,0.16749771525523277,0.3651379490518978,0.8058351976636298,0.7985215026968812,0.9190343026119628,4.085800301004804
0.5066682351673297,0.31517829550136855,0.90827645415021,0.5552557101351154,0.5575795508914108,0.3006709079241079,0.7621952786110535,0.7936082517189089,0.4240464344393089,0.5224336548724031,0.9027477983258516,4.043722001267671
0.39210631260451256,0.7653966529982339,0.32859577485047453,0.3731343514646258,0.06894519951105595,0.9031021140659719,0.4379707904458068,0.6433741978150055,0.5325937100513946,0.5061711329219487,0.9242931436542619,4.108173543984493
0.1945702758169615,0.8692460394231356,0.6706826397535385,0.3610523036989133,0.6529034830523555,0.1511707080509276,0.19682272911203172,0.00641328498784005,0.7073751671969823,0.22141867675807236,0.9251307830008755,4.193966782196869
0.25238852044029914,0.7020644744800737,0.745456990927789,0.6735390091723944,0.33578935306274355,0.9322597833350842,0.7276765269005184,0.6724033831719879,0.07038568985577204,0.7351333737198715,0.904235917960692,4.1228410118592445
0.7461012820213313,0.8677118959433847,0.8118442526856054,0.5773565388570553,0.9302850915144046,0.09921578912165756,0.13600388159373308,0.9755277607634202,0.5023671182586279,0.06540373473205076,1.1508391629047845,3.8108455619463273
0.49512059897029465,0.3802108387561257,0.5349519905546165,0.03447763479774852,0.06657999839099063,0.5381467868942916,0.5859394972906603,0.26014870677421364,0.07843080436098203,0.6685421317023795,0.9045987176928031,4.227280479500488
0.5218777093563726,0.676590088867285,0.48961600746999134,0.8087521620734777,0.43196337904155413,0.6462754497234623,0.2631159380149792,0.1541801246003845,0.35140252624620766,0.7413313171914475,0.9768394450543906,3.944084894773397
0.0,0.8126273079360564,0.099704000466279,0.2309047178899252,0.8551486607639656,0.4898447627793117,0.46063815607701564,0.6253077941950401,0.43171212084081256,0.9814058100924716,0.762249276369031,4.3617352630533945
0.19620658602220548,0.9888953032806109,0.4147195155458231,0.8566477628248224,0.9952086077861827,0.40759945211597953,0.532527672283022,0.25724206081652556,0.5785948545552597,0.2368402147103649,0.923333430460314,4.138136880606735
0.0,0.42251447012499727,0.19972048323260888,0.3475568508744294,0.2999065987059859,0.09012916410716715,0.22194825249351188,0.11087521469906061,0.05177143699749099,0.39567982381376027,0.7434982356784281,4.526030320121415
0.27291124461545824,0.1808439666947923,0.4433661351712732,0.9956431047937734,0.2972532556049651,0.9177047078008643,0.23232650591020934,0.5500807647328062,0.5067376658846336,0.7570374754162754,0.8207812397149846,4.287285909415698
0.3184886696811341,0.6469887610787366,0.77679718991682,0.5463637884499456,0.4007880556455005,0.12950600751943298,0.28329592017418437,0.37507534615865007,0.8740673521515497,0.5661140453271691,0.9117786428704687,4.113662175929092
0.025748651115662935,0.4318720340484288,0.07100828998139538,0.5813102946119986,0.395775713107011,0.8348329117889912,0.5878507908436889,0.7071549368370101,0.10475489374201655,0.7367313019153082,0.7153344225809998,4.463086648614533
0.38953814221531274,0.4154142259208754,0.3273128454087313,0.7929686860493721,0.7007311460275837,0.5923718431287399,0.20305140483529707,0.9707609705678883,0.41461238720744453,0.8048544696570409,0.8581017964975611,4.19835103377392
0.0629989212572839,0.6117292110148038,0.5372939252508462,0.4533073126385007,0.5642181885053574,0.6273496174556691,0.409008386198566,0.250615929010722,0.5511506748248836,0.08833037563429898,0.795396115322904,4.313187519940048
0.1829095273878261,0.46623456356551296,0.4832405882532038,0.3186481918153543,0.05890136063108901,0.08621973249855666,0.7144024900399087,0.7099812906129778,0.297989757793114,0.10522803474800349,0.7773319130588398,4.357900562596015
0.7225752524297442,0.7698701677215347,0.13515391186148534,0.20671313718105222,0.3599938198244462,0.31180454238016514,0.03600507265102819,0.32937183687071253,0.32841521908149607,0.9013542855821816,1.0041989697435545,3.9546977347158254
0.0,0.521734990888442,0.028821019142093455,0.4638507475353045,0.30425594777767495,0.11720417915617287,0.9509126128824835,0.7341171131691124,0.1203412536252659,0.24491447325581042,0.7236942943881783,4.479838810099549
0.08533236043255327,0.5450488881327817,0.24979384853195966,0.9575080384243052,0.9400360159483985,0.1679102217459101,0.9890172120039046,0.5940732261358703,0.34536794854360686,0.77452411317639,0.8199167393708954,4.352972505764063
0.44531850715649346,0.6171954153920097,0.9428486399891581,0.828993598530502,0.1394615715560726,0.926744246674432,0.7220860657877586,0.6450883891157132,0.8422812234010778,0.5207093050704098,0.9860827065461907,3.9656448006829015
0.8494112096483744,0.8988647925944002,0.3594064415071819,0.7903147750996342,0.7263088177935728,0.7809365776673782,0.7192313187218613,0.7380716839779768,0.32062573384171755,0.8866771057335364,1.034104034522958,3.7234854502106134
0.40997786084204296,0.8240926881838934,0.36569109587923476,0.4235006399023456,0.03097341893043125,0.28614409175925165,0.7037095896492602,0.7562970129911019,0.9668197150038611,0.7299645498038211,0.9190328101888364,4.035486874834461
0.6013759960420946,0.31910603551124134,0.23882899393870072,0.7797728816439679,0.4999804777635551,0.6407046870176648,0.3180777686626186,0.6854215305037944,0.8467672745806377,0.988299489795026,0.8749291147689584,4.046679230572174
0.5739230642291718,0.8438740620015867,0.1896765614497737,0.03651693091943248,0.25957732015042134,0.9753735820265969,0.23433916354813822,0.6122033833118335,0.28574089422396015,0.8881528160100798,0.9812751135374954,4.026249078288083
0.14349277973677949,0.30132101891754937,0.04808302101709644,0.8377303878058396,0.7978518288185903,0.720124143098928,0.7574550512264426,0.3216471655851608,0.8835043507193794,0.07989596985738694,0.7475834699588293,4.438783931845891
0.41327722560113445,0.36405018248227194,0.6213547943294243,0.5503363465677298,0.9824430077868155,0.19049013379501567,0.8254629212293402,0.4534372508559499,0.5208353248053824,0.848741707668331,0.8917305995874119,4.197677008387992
0.1732194442691798,0.5299454813091541,0.11792877358187985,0.5365229360725398,0.043567961306452054,0.4486937657166517,0.48472302027265785,0.5537191687605687,0.010260187319536263,0.05031417362749346,0.786961525898509,4.384102819580679
0.5945529821078428,0.872007515488344,0.34366929030195725,0.09873532311078384,0.8446779190038046,0.7243439019261949,0.3444407138855975,0.20509469872872313,0.9313462566287771,0.8251040467508154,0.9531227751340898,3.9199499928088284
0.4457499819118955,0.8564082562758373,0.27318568357402956,0.8405698536976809,0.900053886616401,0.8500572106306977,0.8612858464024288,0.28603085557304525,0.9154100825766291,0.6067155410092598,0.9484952452022781,3.955609036006402
0.6160042923979346,1.0,0.9534250165159989,0.45596915655972725,0.9639132125781383,0.2725901674851574,0.1945931762541572,0.6786605554705032,0.9215800938131669,0.3225374485529747,1.108792376819462,3.8126817255539027
0.39002252244205693,0.12495780237524579,0.05911858032797402,0.15568344081785004,0.5489479560459052,0.6528011883062504,0.6484259943449266,0.8425843372855017,0.5440112034065844,0.23542651758904512,0.7400486312060088,4.329727936868066
0.8546747419161866,0.5912068520596303,0.643824180452578,0.9239703873471882,0.054231744688224656,0.9552956935508444,0.12244425797745602,0.6098584481342245,0.652973622219843,0.5654397150102353,1.0882242501980648,3.8489580747254135
0.6491481620082852,0.5006386771210245,0.21663415647740997,0.04721640883737919,0.8224334655530049,0.656704319660332,0.3965056440919315,0.18141792167875817,0.6664899360088843,0.08184944895369067,0.9165471536103592,4.107022873132053
0.8661157178627072,0.46869794238757967,0.5503044661635539,0.7747615374591624,0.6067775152052425,0.1586484854809274,0.2163549832335447,0.6819269252513254,0.21312969407251556,0.22330582402873483,1.0337435566951385,3.928340454050009
0.22169536527395275,0.5651631023862805,0.9202811339929386,0.5994135846314815,0.6951900135154888,0.15345604748650138,0.7259219954534195,0.09452354417671649,0.6898060698167207,0.004611759805238816,0.9268126288796228,4.24438825796845
0.2888915485717206,0.4646574717739027,0.6582104997614195,0.753655975153602,0.6853850028271455,0.9708935046090863,0.09983055654007676,0.38684527878881464,0.963336052699676,0.49527663233001656,0.8365739413055793,4.190952149537515
0.7117882486382311,0.7401769358409918,0.32190336589011087,0.46901095389982284,0.6114777373992588,0.7537857555767677,0.4834497187971952,0.5477536975196698,0.4513215221040503,0.11756528858015258,0.9834766266978853,3.860322068038093
0.13894516969723986,0.5287210561119002,0.4781033529149551,0.11456642809265322,0.3026171714246667,0.22172592944305825,0.40509182141963807,0.13378659327973844,0.4188353180399663,0.6268760744287089,0.7768352484560189,4.38939454692091
0.11711681013386654,0.22278410094018286,0.717417461922201,0.2516691812103905,0.8701667027489913,0.6222932836879963,0.1639286543096622,0.8754039845977064,0.07503666234281706,0.7648250550441794,0.7707382974981861,4.436393568785871
0.3743831413515495,0.7330591131123672,0.6229481394706666,0.09765260736851411,0.6801904398164709,0.6497835925944404,0.08395121678301107,0.8458551688427449,0.2519860875235586,0.5552783251020375,0.9094406043294885,4.110848107944244
0.3312425306083309,0.33190997272186845,0.9579870903039891,0.13767309759335386,0.6647136878277751,0.23788089749968205,0.5029197297268814,0.5770774965970064,0.7756846870659243,0.6944871408671441,0.8243413426873764,4.2315273117948475
0.3812542765902,0.0,0.083497165091523,0.8682869033739894,0.5983905545255528,0.2074502962757399,0.3655308590958047,0.27853179322634825,0.031986328441838435,0.07264060100324764,0.8392904926457428,4.302525769510236
0.2700190378702769,0.6332019169558731,0.2043370602769322,0.7892441830528724,0.4553473226253715,0.184649233694603,0.6949355131931145,0.6263838136258193,0.19427635673214788,0.7013665912645709,0.8582805843684879,4.22082230412107
0.4013221059277059,0.27931405588419056,0.5437147414559206,0.35013642620432356,0.18063157165000598,0.5942142867265636,0.5148817372421564,0.2212972649897357,0.8170119972677364,0.797225161699217,0.8396557791187751,4.2410867242780546
0.4530390361028553,0.700592921141507,0.5219898991686706,0.35751833941933714,0.003529197447026803,0.6946848132873359,0.1120053549400078,0.05819726103008498,0.6653104825668301,0.5753374578569935,0.9665300678763848,4.071302828745449
0.4278585414422666,0.7285053099058667,0.5661198013063888,0.42032927167161566,0.8174358070396275,0.4057353758734116,0.10514929909480297,0.15845001874175965,0.5368707646923033,0.6720118624170417,0.9406726311178731,4.034657597366729
1.0,1.0,0.7438422455914431,0.6674261434906407,0.24678440544020788,0.7407016758877228,0.008319480020201324,0.2722623351791701,0.6206787899799309,0.7535092055999478,1.1220873306092667,3.695970542151632
0.08344109907033453,0.22983441821922596,0.08513054923597299,0.7612665772479644,0.5386445554042266,0.008500773028471728,0.7485223727232003,0.5446792702893996,0.02321876203828176,0.4845400950294753,0.7584704584940254,4.50537812486758
0.6309205847522036,0.6220199779266706,0.5168581104626426,0.6183314678217733,0.12042696178556431,0.358451493192307,0.4103797436684024,0.04657334210713855,0.3150157756532061,0.49120224392693784,1.0175832009548333,3.95186282603275
0.18723470415079738,0.7047962759445902,0.2438348511661799,0.8722235095430411,0.04594379528207561,0.013721976948675609,0.6348899246107121,0.6380840191174798,0.0650480836462616,0.04995758517513563,0.8538771021686582,4.218905373457321
0.0,0.42328699667698033,0.7104075131453255,0.28801695867726756,0.7850964208472002,0.7015384449537604,0.3124350381695643,0.5835752696936299,0.45868354250977655,0.8443007035749442,0.7219162214723099,4.402277936078111
0.3808025144790386,0.6548975675875969,0.9506636861200485,0.584018824827328,0.4244046387553421,0.5803611427491915,0.8193055413352259,0.027584993270175422,0.29037632935970686,0.9700155539201473,0.9676604076602341,4.040390039804753
0.368868543220777,0.605380515222451,0.8883215376227035,0.38605797148286086,0.041683699002596594,0.8698189747235351,0.3408323298629143,0.7326184634125122,0.33152644145756366,0.7892718182058429,0.9466543220908414,4.122826730644181
0.3961797172467019,0.5274867405238879,0.11375418182981208,0.4724785914174878,0.8289298721595822,0.9201829515288926,0.08962668671639089,0.07220150599984915,0.862018443237049,0.23237666435720072,0.8291172116677402,4.207236802390597
0.5380282404747896,0.24470818363258118,0.47382713965526146,0.4306643755981402,0.5514597371544427,0.04272402011995003,0.6727493041103958,0.39546188991292974,0.04107308501747969,0.2737282832306579,0.9231917603212085,4.177626275587017
0.4982986108939403,0.5015557978024403,0.8679470400472306,0.14846105777864005,0.3657306407922453,0.40308752862946556,0.7680152140767076,0.32258719357932364,0.3787889170977419,0.026953026033376917,0.9336428314245934,4.082404991936802
0.6880033485644257,0.4847063353072053,0.7893723292227277,0.9927341062077412,0.8248449359376063,0.5005613622658752,0.15307381922428304,0.9764652092847941,0.8516896437692733,0.8781768585397568,1.0172204184758993,3.871427028244606
0.5584563171894025,0.7341317985261112,0.6720005748677418,0.06940200739238603,0.7420929742650513,0.6874644586960814,0.9437243298910234,0.6975748975450208,0.7046403039194453,0.7917437447892612,0.9289875908650697,3.9145047294655915
0.5154906945945881,0.5742337531114505,0.9640881821099022,0.8045511569609343,0.4963080544366296,0.6116469777352779,0.05274872139974478,0.48814977630272083,0.623808788179995,0.355488921428058,0.9919562346116995,3.923341753916256
0.5606867888201503,0.7108070230448142,0.7252543161671603,0.7231799956606753,0.6688571809121674,0.9066158677404631,0.3598367646996292,0.47671233163067395,0.636385422197989,0.7602471043360335,0.969692555382342,3.831594821424702
0.29038663008609067,0.7758888002681608,0.29009825984811044,0.19120319315192905,0.22252145982376376,0.9564286291658448,0.42653857114381244,0.16331863619205134,0.11632752419607455,0.28892771429973585,0.8892181955106471,4.229039046447571
0.05783229676202667,0.31221884777318876,0.28515777295042627,0.3837814300060176,0.7808746453343937,0.20341525496802074,0.06460042492275318,0.6676203874298569,0.6803756022692893,0.44087634817367644,0.7536929159128116,4.518122900700598
0.0,0.48217978736952993,0.2367722464122986,0.1167246770505166,0.43658065160401055,0.02391749213199569,0.45497915275605005,0.8119228242579856,0.13598298962707894,0.3595925673221814,0.7282739636317703,4.530351246709491
0.46887393988831677,0.6533911352863848,0.3703380314079288,0.3625585947859859,0.7860165023598283,0.29064080354601346,0.12792829610871262,0.6406298129664915,0.41261929632272054,0.3768293067181237,0.943204664828368,4.099273055660699
0.5258184594024774,0.4705164159966462,0.28788318303073973,0.4763969778209829,0.4956113297005092,0.6651328433442288,0.30073381370474567,0.4433730916217566,0.22362941512070547,0.36759258749443247,0.8786569564464844,4.100895855078372
