x0,x1,x2,x3,x4,x5,x6,x7,x8,x9,x10,x11,x12,x13,x14,x15,x16,x17,x18,x19,x20,x21,x22,x23,x24,x25,x26,x27,x28,x29,f1,f2
0.43337371160844346,-0.01660755330042997,0.05345695345213952,0.6332822262171823,0.5969810460271131,0.6619302856559011,0.07334703484105957,0.1638511626865351,0.6029299606878236,0.457062791751863,0.3317346681629712,0.11356417963388887,0.2976402260566898,0.46572875284435633,0.848486268906814,0.7365368777795903,1.0044156919809073,0.28349857108264376,0.14634362777759735,0.9740515066405995,0.6050864757031091,0.020683357591426754,1.1057165050049584,0.2693889944360086,0.6667547435438735,0.6502443639997217,0.664999807036703,0.6458910648313128,0.1405305439008264,0.742558110511209,3.5264385191535883,0.003717175485446268
0.13526312737053076,0.6542185161854822,0.7656357220900979,0.7023138115694307,0.47338429091073536,0.3496409975471702,0.48073494680456064,0.060520048022034006,1.0004507214744438,0.9708405746283427,0.24325537661321167,0.32318380591664364,0.7855686883025302,0.7434357715231498,0.8488758223494044,0.01687916723014933,0.23639994900611222,0.6518073581151258,0.7443999298086137,0.5987891634841841,0.5843404568427905,0.7741634094872948,0.5462309968970258,1.0249187720077249,0.39131789591958477,0.29857500730360875,0.19281774961077283,0.4825178908008664,0.31129075088464236,0.5463915879510136,3.2157582787955583,0.03475903553097593
0.6130205570500573,0.09355363860653113,0.30136130121543797,0.7319281515327704,0.47212374218087316,0.05515606148126696,0.24278532073612916,0.05148310032942569,0.7797336041823633,0.5354618254995036,0.5119517891732688,0.17999524653152038,0.8256526204070708,0.41687101017901895,0.2270480158223152,0.6553653292966446,0.16661765582115876,0.07600210932519147,0.41707942748858334,0.7839399520573151,0.6814352891741997,0.1020752505950747,0.8124062462857721,0.5318406587978959,0.39434005375226283,0.7547303247944674,0.9030684742631342,0.5111852032517566,0.9846458333935466,0.7650166336882189,3.2436177205037833,-0.09791293686690171
0.006566850168195387,-0.122785277822174,0.823654898747065,0.14063481757268814,0.4430661422116236,0.3056849357138232,0.13993704968130144,0.4735269002454756,0.22392405036728436,0.7026625481042373,0.26800322765577156,0.23137938878581893,0.4200702847375029,0.7295799605154996,-0.03209663326966332,0.5830966634017918,0.2422772978910749,0.052076598840527996,0.6978651027151201,1.0307207882452185,0.9498357063328102,-0.0816554848992736,0.8826148682788164,0.8043050596405481,0.30478464311248904,0.5403484760585286,0.2851463651142129,0.8604093100430806,-0.07223175596855441,0.7647466058652135,3.8723836043790087,-0.03701002005403724
0.79537859185422,0.47999805288373293,1.062710062795902,0.2319652487193549,0.7048267442176526,0.6148340286405384,0.09426847354784315,0.48973172961129496,1.0522740827963384,0.2506164504041549,0.2593993675622779,0.8048788848230641,0.42660010316760427,0.987639117638397,0.3780798313095363,0.26347503241498793,1.0152685188779216,0.46928052391781144,0.100489377793431,0.3116401151808677,1.1049592971033801,0.28394194300587317,0.07460960270714392,0.4464300979717608,0.786510205522194,0.909671559354807,0.7425829591788741,0.45481153633622073,0.7710403334735241,0.9327953649346944,3.2651642686530447,-0.07961885695552784
0.4859889021040715,0.07433031382226937,0.02944612243456953,0.3758190085111264,0.4145151839740157,0.1973046996357097,1.1617503649561782,-0.016083253280264893,0.9806547428934467,0.4952248847120144,0.989028278848787,0.38269194779392707,0.9006555037976346,0.14481033560225562,0.6658970414410217,0.39146772237692246,0.05702952914116225,0.15043169363704795,0.41027170972615573,0.4968144125620153,0.7367019076162035,0.6871945662294316,0.6272247604265684,0.20130455221708493,0.6402742686123583,0.7632211292199809,0.4914732081740018,0.9581185620442433,0.6084350037904712,0.5919236964249289,3.6478061925820606,-0.0166659488849419
0.03416275600937141,0.06706831066073038,0.25352037908440256,1.056456116910564,0.048015040616390094,0.437509198271808,0.753821811929389,0.4507735730496687,0.9612170670591836,0.3088870543328057,0.9857403553833798,0.5191791152136327,0.21375464562650345,0.19898243936169277,0.2331395630221825,0.6301717482569006,0.6471403518421112,0.7026993904242257,0.5254402996220007,0.13285222317128856,0.2343979877997504,0.5741390707960717,0.14677872296959654,0.6850193447425893,0.8133013688965742,0.8716164065422289,-0.025488436241180343,0.3953738719326112,0.6838143043299454,0.8805565817390849,3.4412577067888925,-0.027817813512173342
0.2954986439491948,0.3743545105187285,0.4749660955129481,0.48831647491477925,0.6864390751810913,0.35496355467598895,0.16237106219833825,0.4729708565554406,0.7544629527895111,0.3721359757523073,0.6399450734881816,0.660597399511737,0.44390320395179417,0.567067577687593,0.09060611497799571,0.3810162897497026,0.6311693037240746,0.6370930242280067,0.27073429526228343,-0.04485281963053612,0.42859247392932354,0.9998385583366294,0.8725708858403829,0.1572308434569411,0.4329589046818111,0.755575191793927,0.5666108372511389,0.8917934454824877,0.12494628668187788,0.8698342814892275,2.7935694712770767,-0.0506712798359949
0.7369248428716789,0.8195903614970633,-0.05285984167893014,0.4838196884191508,0.06399534826845843,0.5225415499691132,1.1678538895079604,0.31238619767449266,0.7917224490697035,0.23952007548343546,0.4025959892813913,0.6091270759792855,0.7559866456909027,-0.013830682237694448,0.16570691746634086,0.7615156088876261,0.4620767942558876,0.7528708312010285,0.5969627439538385,0.07959506597188852,0.5579855008805084,0.1416323043325124,0.3801652232663674,0.8230136359405639,0.5583347497579786,0.2842207868379144,0.16411006540305095,0.8962226443751282,0.7551253334251333,0.7057239202619248,3.800592478949965,-0.09624091369178775
0.3801522022985647,0.6324547402644048,-0.003308698719668518,0.25129737548267295,0.604781713729595,1.033974388202372,0.614407844871074,0.37011940466611937,0.09610932351265615,0.7047420063119006,0.654301047273561,-0.07124336580920104,0.40328614365684984,0.44469678597841,0.7532653472861176,0.7660225919517453,1.0211665345681014,0.8306704303691733,0.49048233209923375,0.5829858780140166,0.19112349707792703,0.4743061640690739,0.48046269259714675,0.7285416868526907,0.3792423415962694,-0.0806721202527793,0.9212898756908503,0.6044166519239139,0.7288755556727264,0.6736565997871492,3.132788671014353,0.008146566398506085
0.9893476476878521,-0.006915752733971809,0.6112490044089971,0.7448302217127829,0.9376879886417222,0.44926764430303695,0.34551259041897425,-0.09379745533819686,0.31527455831913864,0.5953426902892575,0.14655065917433835,0.33444608092357614,0.24805737729764293,0.392608504075176,0.5471603181449604,0.298320013628607,0.05190770583496742,0.07036959736305491,0.5441687299316824,0.8976462847451598,-0.004487615777449893,0.4857414761362734,0.3440617723467458,0.5556288469096359,0.37902173491626884,0.9085638448862489,0.6195101180397463,0.4396233911805879,0.3010712194522095,0.7846889369860491,3.120265834793605,0.1233111847010302
0.7253442387633945,0.5526585810720379,0.5909928991311818,0.8997485324247603,0.06135476156970243,0.6275920440821098,0.9907099016919049,0.02301219363915645,0.8757842185371872,0.8821083197296822,1.0578966701377137,0.27327836984257037,0.3331208807577676,0.4804336732711732,0.9227182904960549,0.5326768189220719,0.7547499804287516,0.8903200261105577,0.9674733398079425,0.4528430197514157,0.32131136834471874,0.3842368252988249,0.1382771175881139,0.32681088079802867,0.22853404992255086,0.7575792911404451,0.30223725953866987,0.9023380026083041,0.7694187282080059,0.7906451030427357,3.1930316322855528,0.17628458295253882
0.8937467073073215,0.8185985648060576,0.8932679387968613,1.0063301552582153,0.37023644833606706,0.6853551193813032,-0.02925626396757279,0.013790674400857593,0.6004036463792845,0.4785953274540002,0.557591251480458,0.3748111381868042,0.8492672418728155,0.8919233122272392,0.4546049368091905,0.5501611926781457,0.9348963191350799,0.6296619339652542,0.6663092497997944,0.5729616631118695,0.18439859280351367,0.8333083049127379,0.7812660289662394,0.1554883305681377,0.19607875432123778,0.4032577925832122,0.541368014343358,0.5421022256250633,0.3664751214410857,0.3257977344902721,3.131131456567764,-0.14369581544520502
0.45079066520118066,0.8031255313796046,0.8473555568015401,0.04068692833288993,0.46419423372195984,0.5621294216280508,0.4463455098692709,0.8785614007602675,0.3474956939355594,0.1850236307409383,0.3700694497116962,0.4852924910076295,0.9410961781816763,0.4008142839960191,0.5762780877746547,0.7725861200484657,0.4790963876355557,1.0097411904473335,0.22267280191250224,1.1932674294461498,0.13042440251711848,0.08222607778889125,0.6733748580609134,0.573578297495942,0.6554444128275704,0.9205735042621703,0.68748327277553,0.5365614467719102,-0.033331117943008116,0.0022140024187271776,3.180660797590819,-0.07887436368570987
0.9041335753270269,0.5724989294920819,0.47236559191342115,0.9585787181483016,0.663904254107621,0.6649944717026166,1.0046533401232869,0.2077723844742601,0.2944158842681247,1.0622148769370563,0.07227622710713796,0.6997377241969176,0.45358083011696976,0.7138699266286955,0.08037582219508135,0.25203931092956844,1.2475417650349803,0.9833217509548379,1.062039913425893,0.5488249273562982,0.35689047662093276,0.08117684496173715,0.44743994688660554,0.51352468657341,0.5682355578611459,0.5922983129757552,0.5604703415367417,0.4554937054951321,0.5925996300835101,0.9481998513495459,3.2553762082930398,-0.18915586662258002
0.5377173176660404,0.7603742913579716,0.18938342341667372,0.5868827795363483,0.13517652721873752,0.842252381670047,0.20841449782710605,0.4550890175929744,0.6083930387363958,0.8245694995595224,0.9791241356345579,0.6164352727674418,0.7178728496947301,-0.06427544301464232,0.34586573084849165,0.7579456276340171,0.8084504666395047,-0.013868724582439727,0.2521639598745269,0.18102288388139615,0.23030251834873874,0.8726398343732071,0.28062603030046185,0.45858845712937035,0.28712495585825487,0.3834951395745615,0.7232335442076699,1.0340009962951953,0.0785462809524545,0.41018406496211673,3.8207028278466937,0.006601872807045921
0.21480213247980767,0.06119905724942833,0.6297032317975412,1.0059623741503416,0.5239420867284651,0.5582207829550229,1.0794641455760856,0.4699646195961026,0.4603920209568772,0.6200384594108412,0.30756217266531605,0.15217843377625132,0.7136003104777088,0.18046071166202793,0.862297906758109,0.3827066156959426,0.7075813963755538,0.8886611764198211,0.4332341334168628,0.5885758732469311,0.6963589485295151,0.8312221243791537,0.9491025906894108,0.1697748949976069,0.4824115116576209,0.378864239537297,0.30606816604647147,0.5804068928073437,0.08210925858072979,0.6412177941654635,2.7727222819726,0.009267502940600603
0.5833410451507077,0.40351095370799517,0.1962832838410458,0.05894585142913676,0.6734770482842792,0.0184705188627457,0.7231023734838896,0.4152624586871996,0.33064008731880534,0.18481299152076136,0.06049102799717598,0.10761765433943954,-0.02309059157817181,0.30672925898714576,0.27252187949240747,0.2999825213075817,0.7820134793842675,0.13156117481831917,0.059446939648733835,0.7394471135931534,0.5015385510841472,0.8547754680276204,0.7458117952930401,0.18277964450711803,0.47599996458183985,-0.007004627257254231,0.18990319018703922,0.1686159239563593,0.15892764244556623,0.5874149066554486,3.3941650040090634,-0.0862752741731933
0.08128749248435786,0.07070357695436306,0.752611957076575,0.7909023658542715,1.0509340622509478,1.086879784500051,0.43039835273837745,0.7007735029586805,0.7595643812975044,0.07767604080427504,0.08646690388548027,0.7671542280574183,0.796787153713691,0.7124197810876581,0.771588071609589,-0.09702643279258577,0.19127058450744336,0.7593427057260316,0.22614115378025978,0.7284836870220228,0.7348634145773685,0.2716978228796327,0.8288964999787507,0.5807793003022615,0.46561339242167854,0.7163480844106451,0.9487346250787716,0.5284085880154926,0.07323642597018332,0.8331934836591002,3.8781327932833762,-0.10612082363559534
0.5919349077414743,0.4597810548246514,0.5209090091373889,0.4906210961619103,0.8369369644452181,0.4190598818062338,-0.09565826742499926,0.1929717116680834,0.343567606507612,1.0350446785008491,0.866990579217356,1.0254252972778697,0.7649609436696742,0.29084201363593,0.9114116585387625,0.9358062393757213,0.8012127404754463,0.2661108720195205,0.16574438473236014,0.2336112507640589,0.3384836138130005,0.6503227355024607,0.8273424313354868,0.6365940779034024,1.0120899059031554,0.2968517065142634,0.46201224423587495,0.7772992918631341,0.31809681091956327,0.5519489509007327,3.463856284726747,0.06725772024110588
0.849205843494476,0.7243361602770185,-0.1552299400671716,0.3605498699891527,0.9104754574476706,0.30920233114784246,0.07926213427263906,0.7290986342027634,0.621269159315154,-0.09835032886536905,0.429638303314177,0.8244120238638386,0.9615233588668669,0.6766900799745724,0.25953493333335315,0.8850996629305516,1.0152263671904571,0.8078268397888511,0.2814470769816821,0.5985971912708963,0.6439710243400755,-0.06781122235749766,0.7160517192474196,0.662458387145777,-0.14234847395846018,0.3966900195228611,0.009440113496562631,0.9275766050163403,0.07856909205309677,0.8317108696850068,3.945305778685919,0.008657446969768398
0.669041749388109,0.5998202712183133,0.5730355451442393,0.1823651090135383,0.10714845840427861,0.560385401926281,0.23169687983951945,0.8148984245325492,0.12287491542844951,0.38695602591312367,0.7783301980644873,0.12389932074760202,0.6937756737037301,0.5823578102072201,0.6415560936680198,0.6625485563202664,0.013246087523887548,0.23224273614360053,0.5440802066967769,0.12069263463590561,0.4807378339706113,0.4107563166599998,0.8157220607733575,1.0510537105611213,0.27699436222163554,-0.18678371271571112,0.44789802261080863,0.14292747434194125,0.6002385685983352,0.46210171854562704,3.1746248551457925,-0.07708700660458831
0.9613365275424555,0.3524291134775529,0.25101918749204055,0.1036336117283963,0.17100559073763547,0.21068829543096307,0.38132102559467274,-0.0009223960435199435,0.4702073821611059,0.29468346627725034,0.0461620372511869,0.8054822328523606,0.9409949333422601,0.23067107736623116,0.3246374323246234,0.6802613553181995,0.5719248125507347,0.8519600130414409,-0.08490133687854569,-0.0024303459964889473,0.37004097404961117,0.7829187586918624,0.2608605093659712,0.9490250031780956,0.19941365155428253,1.060063583745539,0.6446565398685483,0.591709399290758,0.1383356874946971,0.5269164858796884,3.892504305498358,-0.008883428169045216
-0.060192220830818814,0.6150611609539788,0.2901528320590061,0.40584136269123977,0.5937563057318939,0.45567474697864213,0.6483898990712366,1.1931674736573707,0.1260163872436451,0.08105813577563226,0.012716852423205027,0.3479679497907996,0.39067371399555173,0.5108186273085122,0.2211466283450536,0.7322822269145015,0.33531926524351896,0.7825043629765464,0.5464850722766239,0.4420885704261238,0.9566993665087875,0.09063004087243143,0.9593030880258768,0.9712416408537183,0.017851696703449257,0.5774947264029474,-0.08179921416292382,0.375338318430118,1.0725285583145887,0.8735206618523746,3.816758170616309,0.09386267580097926
0.6231700032143194,0.8957213278938407,0.7448125245591106,0.790330465574666,0.12466876497458229,0.6043299001295367,0.26724303274842903,0.4544819397479756,0.9176844067669976,0.47774712828752475,0.4984828269698939,0.43298474539974074,0.8368160678848705,0.9637103702654103,-0.06370206872073277,1.030466969475646,0.25604135003702266,0.026490969569997695,0.9989873158416318,0.8862339769547565,0.32628744479836175,0.19450780687738436,0.6213993202607953,0.48699104481119915,0.6870947087519447,0.9098412269200548,0.020317542949704386,0.035640378855387955,0.9769169827853967,0.2720604021195996,3.8299890375981622,0.04221378597158972
0.3496447599948335,0.47126294201730856,0.6673769931312361,0.04105780431515142,0.7934497794870978,0.5253070620904468,0.2676140639844026,0.660547626666098,0.484023496393541,0.3034269495222851,0.7439613304233043,0.18475240952126232,0.8743035520733828,0.6967192125313791,0.3008078802925198,0.4376806059552461,1.0028487805825226,0.1646765533202413,0.07097973974181669,-0.08264346490295064,0.239519464489633,0.49522056276206355,-0.024095469396189187,0.2366768709522098,0.6315283567602247,0.6744623929972279,0.33173963321498695,0.6285642491612247,0.03328767457871799,0.15179424759379914,3.582908294362604,-0.08847450643479898
0.09155956873303478,0.008130941647364429,0.09935441593024313,0.11080599287156898,0.8438307647531136,0.019870579157030506,0.13481254066250623,-0.16741304850750402,0.8755335178170824,0.2077841173495318,0.7801178946125884,0.9085634882082395,0.18506860410312423,0.5974011422979325,0.41856715014748197,0.6201193545464314,0.22449587290649914,0.3122856839363748,0.6958291100922447,0.26898957314793065,0.7023188399645525,0.7580915854302108,0.8480262408185483,0.5568425714720392,0.2421206680325721,0.6373886363193417,0.5198574367618304,0.03863122301078936,1.0266905548187992,0.7446574000753068,3.2528419565095845,0.010922033604013233
0.9355880171931148,0.09999040818585889,0.5880580539454976,0.3823688577961078,0.408473241840848,0.3889380081374784,0.14630550225039302,0.865352534264595,0.7518064277082704,0.2372728963338494,0.3349304889186574,0.021114138043496683,0.3144750587295608,0.36518859580950613,0.5202552572227115,-0.10103259078524533,0.4759089745472861,1.0877619267130063,0.3958400765817501,0.41640132393179474,0.7655814943168371,0.5571764669830267,0.6876105644759187,0.29331532351275824,0.2232359453254542,0.8842150004615976,0.4620414058511353,0.8987778747953592,0.8678758125341697,0.5721744802891561,3.169079302172646,0.12855151514761531
0.1290867026390723,0.5394195961812751,0.1746141204009885,0.9948083590612213,0.8264990593341819,0.07081259996284843,0.15319997513016784,0.06533645832483895,0.6486352589283035,-0.07368749393831459,0.35802042000887135,0.57974367488972,0.11244974221195023,0.64144998404472,0.19927705529987577,0.37477263045304404,0.019260932163281015,0.216840749150673,0.034400643237624595,0.029689310870834137,0.835180576972184,0.2676050105102492,0.14465730663610904,0.44341415790008865,0.5931326963730968,0.240524989592418,0.5142205165675027,0.8863551721174808,-0.12283500104087455,0.5345240357138484,4.115717912179737,-0.052214475322251264
0.250473626393906,0.29441196066803027,0.3642216396441148,0.33457690760521563,0.5302188033573325,0.3084443852556555,0.8471384075387763,0.5814730395900145,0.3785617126918873,0.8711690379630905,0.44373805318742426,0.7979887933239911,0.19810514418960895,0.4323553814154637,0.08014763804374597,0.8079082331731021,0.3847558828713246,0.8965907218031314,0.333420054999643,0.0641085120421516,0.1016792524477527,0.21164188620334914,0.29761680512761235,0.6869622029888611,0.5747138347612308,0.9923798241671162,0.37470664540895793,0.4502909158583165,0.09220501303403963,0.8538399650325386,3.368255099199198,-0.049117283231759595
0.029209724741898313,0.6021920461847855,0.2808699492571298,0.6249279125480613,0.958314503599828,0.07100679484980868,0.48348508213537367,0.526001093077104,0.14131767878106977,0.4169271165775206,-0.033907501045705155,0.7641306632111773,0.8598276871409863,0.2723234045418965,0.6583798346680944,0.10769638480081577,0.24961939787381857,-0.0015315974433241786,0.5346926681311663,0.899333268824266,0.2357502718915261,0.29101420312034354,0.23433447914271532,0.1334100349256659,0.785504582462055,0.27951330667640134,0.06674070988488706,0.5276422163657013,0.9271555147227265,0.49400330186019537,3.3928153870326776,0.08323725788925318
0.0870162785230756,0.6648496603760619,0.5877817846580667,1.1697152465143286,0.8014804661647895,0.20601435166134846,0.6592179241053023,0.2389242042096802,0.9592023791175148,1.136996150531826,0.10312376927467815,0.444445154278171,0.887250422315263,0.5338437816402994,0.4249411314317858,0.7950797276967738,0.20881939068232813,0.7405688466787727,1.022440775843587,0.8255693404491059,0.6884123465990912,0.5501177473350052,0.6724064830078332,0.5629222737919652,0.8321237524969183,0.43142931851402544,0.22346892909698723,0.1945354605393061,0.7382808344256623,0.9830644709631603,3.008628181711183,0.1948247400956564
0.11559758677791468,0.02992669032112564,0.6218389818405327,1.047283007628839,0.9672381606474622,0.6385862281063271,0.325426765822537,0.12064986951949941,0.2190114000158804,0.17109225854352358,0.8454368541278495,0.5169883228570804,0.430799220415146,0.7437690872708114,0.8599473814888896,0.7439091871028798,0.5628450763983674,-0.007915080091318555,0.23261898585489643,0.6002119667485851,0.11178200253621709,0.27473688462699497,0.3211167779129922,0.7904974245493069,0.4723301858892543,0.8450826236146863,0.9344211604854437,-0.0493063075830873,0.4171227661146356,0.08139362629443392,3.7506729596378476,-0.07104532850688096
0.9146380168900523,0.33440308497571547,0.06283885276181658,0.5170447362935682,0.3818351847747565,0.6588307500322469,0.10970856466995722,0.6516060480333575,0.8417247674423562,-0.03627204449794399,0.23657723528029329,0.9213161157719851,0.17380696693687098,0.3139141423851689,0.2616489191530947,0.1786715521349431,1.0979361192529085,0.7095501643145534,0.49055149674958193,0.37893396301861937,0.6651956893526576,0.295334128397888,0.29288682066191213,0.2700260176995831,0.4284251940367288,0.2856362064848572,0.8046710198279456,0.9753310373893604,0.18237703254619544,0.4617492875299254,2.8526535193929794,-0.19677625805508225
0.34909319455107,0.6776403538235366,-0.023150258440328697,0.5406168210922512,0.10907574288027559,0.2592543208843959,0.6390368884489757,0.8922200850275391,1.1346551384106294,0.37240584353253664,0.377266710179959,0.14135272729352122,0.8526351286775304,0.3630576596188876,0.8931157153030621,0.23077043454941415,0.193439238178524,0.5599426007347117,0.8428452420538544,0.5228116024838362,0.40541151490996186,0.19393477986016108,0.05835945060526332,0.384272901926353,0.4119073859501331,0.2919018145654966,0.528592530851403,0.9414645790668755,0.46136962220471917,0.6167907814734092,3.085289166472395,0.1046833729788319
0.8139077396226833,0.9512913985320443,0.9681942243957637,0.7081933628422491,0.28089597292193114,0.30136836309503723,0.28620816080330436,0.7627550422169997,0.867721642196614,0.6011176214421705,0.3591974281249466,0.7672884996811475,-0.03392248366187861,-0.011423293203476771,0.369168872381271,1.0993287246022196,0.2850066344079576,0.5537148146157861,0.8493740662435211,0.04392990692503398,0.9097499499669551,0.8835544510434951,0.5308011979450097,0.6626345631120174,0.27762676879736825,0.6535819432557077,0.49741611007133274,0.8650840024148975,0.7717383221939302,0.018740102324550062,3.3236280549671657,-0.033063292373091795
0.46121686386808747,0.4664325244807518,0.3765499043097229,-0.09031388898994094,0.48387912409651845,0.05514984455831587,0.4355403574918878,0.07402822766731883,0.8671249971286316,-0.01780499092877877,0.16850721619787612,0.2742691095213881,0.4170934727422639,0.7234822320101318,0.9739668736356274,0.13152539758632106,0.422920049076233,0.13408750186433574,0.0024090457810595073,0.2917602545310975,0.7663159979082366,0.13006086104750308,0.9034204595406242,0.45843904622274595,0.30160847505020877,0.4950351145640852,0.6759023836592694,0.41305369687123233,0.5633800344513269,0.31592934194114297,3.5212274267719397,0.03383357262034435
0.7709551130035495,0.8970640879912823,0.7556961267829676,0.0073745563482873755,0.45819184802119806,0.8285563489227873,0.38386662338744876,1.0264308618646496,0.327879965869593,0.35521296449753326,0.8527325887108899,-0.07496462291604364,0.1201610029499354,0.1381051795770863,0.2878086363212045,0.6387762843462085,1.0453458266004811,0.43013581872966605,0.6918016370782397,0.7196805342125753,-0.09570289440479723,0.9020681366454352,0.47290583270667863,0.5433451476604756,0.1433929721947133,0.7499097970895476,0.37986828942727835,0.7966120812105203,-0.0695557943966968,0.6346512893843506,3.746873754436322,-0.02133521850642888
0.6349513407706362,-0.0601262076921182,0.3731729326074672,-0.007231796849321057,0.371370544764583,0.8481987392924851,0.9266761647303523,0.20776577950826455,0.4205485279513042,0.8591753373018622,0.7618958887316373,0.8800485231872697,1.2201878336551777,0.8858776181386157,0.886285777507782,0.6172815563632215,0.9220609924839032,0.9728127376546779,0.8158535509375734,0.40556468535159784,0.4327843986160355,0.2910008743023585,0.6686342439289072,0.9891631800697033,0.4521072701073412,-0.07531146810278608,0.20914164521998307,0.2067339661544187,0.39298046426788336,0.9211904749280344,3.7584573751189208,-0.15967915873859956
0.445792912536885,0.005208468496544855,0.2481816210706344,0.18463684748523826,0.3506622875204003,0.9767231701214587,1.0676708240567319,0.5751731479930815,0.48578164509667265,0.8490801187696895,0.2502771280975097,1.0429668908231444,0.8647844984895525,0.2366568398495596,0.5296836327093366,0.9825960279317577,0.3616814303483278,0.7408270296182464,0.22467434353011964,0.934503552440022,0.6864675769711135,-0.08668162274319653,0.919025493904206,0.39330737077708366,0.9215447268191833,0.7261070368982836,0.08177255216139456,0.7136245949915367,0.8952096016089678,-0.24834244618920281,4.188564047576841,-0.02248425801894738
0.8779244439008681,0.7348995777513468,0.84052268976951,0.09968982096851794,0.6284749037679709,0.15463875521350268,0.39363244199349817,0.705367993827562,0.5736591628383,0.6405135961594353,0.566749965368341,0.8810258910953312,0.8427091198919067,1.026154569445226,0.6267108687046661,0.48260514049775527,0.16595238292328282,0.9317636636375128,0.41196210877549794,0.27708760923196163,1.1116023455415083,0.40030302591813316,0.24577070388878136,0.5677372310774798,0.6636452538521953,0.548638305202968,0.47479557390530547,0.9882789610848745,0.09668302514632211,0.7313978255353372,2.9794212904606883,0.06077330157048794
0.911867976100095,0.28098040248685474,0.20778940240579147,0.15900329403778013,0.7436541308671933,0.06462240753555352,0.5188725410923778,0.9865077536315618,0.17372562734069466,0.3990841161981053,0.2196643314277955,0.5065984544423514,0.739608723951283,0.2517913645612997,0.08952356965889419,0.6010526671143892,0.2895899773452908,0.43266427237453986,0.7203806059705259,0.6563628075082624,0.48485958543002766,0.47495780951592514,0.14315046166882422,0.4098427710380277,0.26646310908673937,1.050657795762667,0.6901957862542396,0.48746980256246963,0.7990559676219015,0.48649073596267306,2.5753380123563674,0.4034304987207591
0.1303753560036976,0.3560745703487103,0.8235057309924622,-0.13570028377709578,0.4509370794936528,0.4828017306586684,0.6367309169201698,0.2783544304738563,0.5540988035606356,0.1436763185302434,0.29647983618479984,0.1579966441993238,0.4743839677846135,0.0048641254013933825,0.9394737680456662,0.8868528216325199,0.5817911952024213,0.15728637983726618,0.5663386826792259,1.106274726875367,0.22516316532438807,0.4378670505384707,0.8945718377642651,0.9199701623371279,0.869590045695283,0.20523561188377004,0.24275932404024128,0.6051917010010693,0.7218311035913899,0.8280355121896066,3.304302551046465,-0.01148033334042819
0.34269118027123635,0.6172464168324444,0.9101963736099281,0.40377312928108045,0.5359705515639142,0.33558518481272676,0.22889360013262128,0.46473922663514056,0.728865820891251,0.9064815015977546,0.5272574456309982,0.9191963386038119,0.8856198928155732,0.8825209887449418,0.41780856375902325,0.5843954692306633,0.17509331636518788,0.6563872069836341,0.8586395191808109,0.36961039290860903,0.9099564943636385,0.9169848090530205,0.1904341313822278,0.11489325305750894,0.4662519477244826,0.28696869598026375,0.468725839688724,0.5578521715998226,0.8240762163833371,0.5728584101595404,3.0968667478569833,0.098193505194418
0.975203867955506,1.1599552398020898,0.7144247409622448,0.5127968363045518,0.0439178965850909,0.4972561054881724,0.8443787577274001,0.6842278799769449,0.1853768366901223,0.45042288982174317,0.5801681427288687,0.044609976013518626,0.4723004799968946,0.21935834527060977,0.17188062522535097,0.5641218023099837,0.3146107425092308,0.565012478560307,0.7965236963551497,0.6003133687147774,0.21686998249060246,0.7633971205640276,0.9388714990886381,0.9443044954256574,0.5988002061696609,0.8479437801744054,0.93944961496236,0.363107332877648,0.6995534604967565,0.1604247384357474,3.1903701920049246,-0.03949943839008211
0.4461000002386295,0.7690682679513307,0.2700258212405622,0.18953776072123596,0.6023916451925706,0.26681190645113584,0.25013878789215865,0.43859321275747115,0.33354856530798,0.09605300402960616,0.6427042731016728,1.0675882314022485,0.22091809469220647,0.5232057743130569,0.3180307578014827,0.2656581964968992,0.3152251291505603,0.7508127454795641,1.1183405822571473,0.22457416944964087,0.8810540471567744,0.9176216168525444,0.616251015117257,0.8576221413118428,0.91857954536374,0.3414043823898735,1.0024975385172445,0.8793068947275083,0.23622757169845954,0.3749189851245853,3.2080166556341694,0.1101992404720562
0.8940117808151941,0.33530510299715954,0.7929637070488486,0.9504816001291296,0.18940829881913823,0.718164322019973,0.734774606381435,0.08248068090393634,0.1670033148965112,0.0566999249340817,0.24887146221871537,0.19513867717819852,0.8739330446194085,0.6360185057700735,0.4137943820290235,0.1971516540757994,0.4269965312878061,1.0158041558312036,0.9579415750547837,0.4514854918723784,0.6581199695716314,0.6644282391657453,-0.07752857089909698,0.9503804220866187,0.4912393123249334,0.1258567382899646,0.11048983736670343,0.816548310082244,0.6461207504127512,0.44340497814825497,3.404892145395143,0.10773557870887973
0.492809052879981,0.16349989718008853,0.5732730101715595,0.31587695239397207,0.16664362163319582,0.6671120550972914,0.07319164020629992,0.749767540941767,0.03881555819462539,0.625360984800497,0.11163083879230261,0.4345027471318166,0.5226883084452802,0.7690139478808337,0.6219054134300339,0.9067033581461174,0.5989589720458189,0.2743160817383267,0.18426225693358256,0.8092336754355698,0.19108154245704675,0.9742822074856003,0.4275554586654006,0.5201729216085524,0.6066252551765707,0.3649878998912349,1.0296098729901342,0.21034046146228802,0.49146565095132766,0.48714894608673737,3.2070904763444275,0.0915662148399245
0.5028368463184274,0.6400111090533666,0.028611422955727772,0.7121046974417503,0.7477161507390493,0.5320600642267501,0.12853861382770027,0.9939217891406934,0.6767882186496601,0.7583202553397564,0.42456801946173883,0.46985420678971235,0.8135181430069066,0.6588794488520813,0.7609742272292385,0.22122804191135098,0.573907573725295,0.20033405846328445,0.6630853499682002,0.41153050941158786,0.2216191438836003,0.5274614108977382,0.386639977162792,0.2720655630128904,0.3677072867188211,0.30323719434318364,0.7404286295883202,1.073754186136239,0.6047621336327542,0.7837114696954589,3.155322787621232,0.20343445588471956
0.49039782605933735,0.7340312799464193,0.5230669945792497,0.4617303466826852,0.6188906376819914,-0.04603964299430144,0.48716586188936134,0.4986068556030126,0.9274351470322314,0.5773883714654104,0.3887291426430428,0.8400561508258714,-0.014512707163594166,0.04974948853230904,0.15878577329483615,0.745589175981089,0.4254011983778684,0.4583842477373372,0.6806307444980847,0.6043070380290185,-0.10648036344153666,-0.01433540320938776,0.2063031732008726,0.1873775657390354,0.06466721894749364,1.0638015105489225,0.3369537108002391,0.8423020418139892,0.9673074483598073,0.05011115398595911,3.751344922248915,-0.139604208833302
0.4016900499285065,1.0018999407304934,1.14193795999927,1.0025830927304857,0.8299239475927824,0.295967245679911,0.44035363295851365,0.7584446147303214,0.4712795683912085,1.025202890035748,0.7309022532363163,0.1236580085377126,0.3331829756850507,0.7765816042017226,-0.0018898639066171063,0.5926735839569054,-0.0008100759317827,0.6798473955428648,0.09058030370443201,0.06744264592646979,0.8115431641518452,0.7739441577575578,0.07236741053358611,1.09502350405894,0.5397324844598392,0.603429232023805,0.4022062267495541,0.620317712536075,0.5001662622973191,0.7033831954731972,4.0468164056850515,0.0011240692082968556
0.16754117317260556,0.22458364484031268,0.47881577349035537,0.49603846382450983,0.68160744298207,0.126628198329398,0.22053984954290917,0.0707369200630714,0.11760486237276277,0.17487836068520526,0.14973239639886693,0.49775534467777593,0.534394255213591,0.8106758225815847,0.34137106963758634,0.8237107698820056,0.7737426388696462,0.9249605125337759,0.7111581046013425,0.9193723199528645,0.5284740837783698,0.801530672413232,0.5540653724069299,0.8811132582637552,0.9749798948889281,0.7234404457681496,0.7012019194198759,0.4138020318330562,0.2740889608177559,0.559770865231314,3.0662927321750897,0.15852715506114584
0.08047622357643354,0.6630724921586743,0.3110627487339069,0.6925347779120945,0.8600693763458301,0.8348836412675431,-0.021702730413588653,0.5850441482854468,0.5659551705054147,0.8505149449826339,0.9292464320903415,0.048934678021456866,0.5443218990712593,0.43745087461548693,0.8053526894305588,0.2965183612190734,0.2783257892585107,0.8361767710371116,0.6310317435988494,0.11148302003774846,0.3360075210869341,0.20753038219236514,0.572526247723188,0.5208833854455452,-0.028412271910956813,0.21504101879301907,0.819061350280099,0.6469206245828536,0.22354003346025214,0.9299498127521928,3.55321490676178,0.060091590280193466
0.8756263023859151,0.1089827131564505,0.08629832596040347,0.8961652093561474,0.4017965751510557,0.13787114844288378,0.13557107614732225,0.65009485199531,0.7997065076434674,0.40662579490838296,0.8275712540687603,0.7906558888837784,0.2290275629187628,0.8708302408764775,0.2854517186166101,0.22935204488674016,0.882073661013189,0.9060341362132998,-0.07725270317004448,0.20984437945676146,0.651220371499904,0.6098813626936138,0.08904390955287299,0.36267372617078636,1.0963478642694384,0.15335413649462487,0.8718967142347828,0.10033176573454905,0.8186134397468711,0.7284667376125127,4.0262146643708085,-0.002808117017692387
0.6792161140376066,0.5474269873991837,0.7421787407726128,0.3659151267091837,0.8253554572159423,0.6088208097350719,0.9274468128214437,0.28192245346424327,0.26087839174535615,0.2798131416755214,0.7621775964886046,0.5632673918679175,0.2508777737847039,0.8871848156395736,0.6134425230773942,0.9225973366493251,0.5749269182319948,0.4896125155774002,0.6174425058576355,0.9210243170162369,0.5058386779335382,0.1421553305861668,0.25720761272925874,0.7801316584944409,0.0044190522237155805,0.07041523605027511,0.2976386950095973,0.41883441349156,0.8045084109484818,0.3517783099959024,3.2764548716632906,0.007966684221375413
0.33280599127599414,0.7063692641703694,0.5969260363294753,0.047891320900743294,1.0152158509578206,0.3076209689731019,0.11178359825607778,0.2024423106000079,0.7139910615628698,0.33660315081015635,0.7042840008251693,0.6043750872531676,0.5186422270220912,0.8567926977409216,0.4471903989091579,-0.006648490612345924,0.7784500282225228,0.5140937361012787,0.09044460249621193,0.8029659097287097,0.2307764563696707,0.7415022891938335,0.8598440927410339,0.8078212941662836,0.729211896294382,-0.16776918100100935,0.5406027483115112,0.6899624810670828,0.47228529327284197,0.3876563583810211,3.544469700009151,0.04698545351888947
0.8090349780404109,0.05915231034166776,0.4963523895591304,0.6490274957357475,0.4702673474626702,0.6996979429312826,0.1472806196953613,0.7497399204897317,0.35850339516502405,1.07972853903534,0.32712649986184583,0.7638869240076174,0.4840274670663204,0.7300268108663394,0.1506554697235255,0.8998795909406195,0.5802103261009662,0.011278673891882016,0.314473082455031,0.8671956234854634,0.6577744496648146,0.33182122811563275,0.5158169011055761,0.8773431812102126,0.46123915775491736,0.5974189453848017,0.5965958087584781,0.341606489007704,0.8959472843467271,0.3100439578994927,2.5946145208850124,0.06361793183053212
0.3973494628998256,0.19480233555042803,0.5507614107848998,0.485975755104715,0.15754202980440343,0.3971200610047506,0.4797820389321924,0.4426085681679196,0.1697805695170003,0.6927074689686159,0.8140083317257566,1.0579656126347663,0.2710711572586446,0.1413971418698276,0.15079746227586488,0.3881680484246439,0.8843243799190418,1.072061932841075,0.3609376233553613,0.18946805275783307,0.49555967230362874,0.4061323497703536,0.2070971356057333,0.10436735992122645,0.48848435087518327,0.8430725853398991,0.7682149664534355,0.12471256202555348,0.2784241384116947,0.7603637380264616,3.6845378126055364,0.16960906320861827
0.5155521745928388,0.16872402770496905,0.2787407800955884,0.8661412769485555,0.8320443530097424,0.6838819420789614,0.5065655713379559,0.6137422141300507,0.0897169872097215,0.42721224701534294,0.5275279477917727,0.6423097584580562,0.8999145472652204,0.7777833236134197,0.6645452041126836,0.230602794496404,0.3187996288811395,0.13395886581439637,0.2425305434991063,0.6820481259027495,0.6458606643526918,0.9112298391818421,0.7103474294041907,0.8181671597636917,0.6245947008884014,0.1921142904650368,0.39477330168235963,0.6125086297884846,0.9532403070863442,1.1010644961625247,2.943942520964439,0.12062034244798883
0.5486225409296187,0.369449472400003,0.28996793099391777,0.46097958981714193,0.32209772519267554,0.7134215531888359,0.7551497777670224,0.44157356376100865,-0.008673174606253838,0.43088451568792274,0.6113938184983646,0.46902123094614595,0.28948497171673243,0.3397795429763351,0.39904352443955343,0.14131115033289232,0.9766399051901404,0.5459747193446189,0.7225357938669643,0.8490805513886512,0.8650267851571533,0.5511754547277934,0.6554646917416423,0.6080518450506004,0.010689491142202481,0.3563464144902578,0.7262956259680688,0.9937888430384069,0.7592441905657604,0.8092320775853762,3.191709353807461,-0.011939453569669429
0.7985926608092204,0.22634634658152003,0.39697849481211617,0.3306078651763239,0.27965304165323623,0.9970505046528843,0.39718177235543095,0.22610420651655522,0.4817724054993651,0.5580659769993026,0.6953824813698952,-0.0673626991576193,0.2315065550695778,0.7694245321328916,0.12165619586519656,0.2448178590220879,1.0944254574774213,0.33410838373049206,0.8239099410627511,0.7663104276512489,0.9114930150520683,0.5486584121553375,0.009371946894847633,0.33301818541154193,0.3030389518324815,0.7197091757650377,0.761429779181714,0.5466655371209618,0.33735912561255277,0.626870139064086,3.102387290480528,0.037463641510186954
0.23071771366104565,0.8012607473464793,0.025382754536704313,0.6653506677029156,0.3462438137094165,0.5111218896651065,0.35716993455775803,-0.06095541661900994,0.690459706412524,0.3299395282897009,0.7995348567686802,0.7521827170271047,0.6056773346323365,0.5125745274964044,0.7140575056451252,0.35876476245406824,0.41426424610318135,0.45669661960800667,0.04836150074646424,0.24787351968567795,1.1799133664589485,0.2405397416160283,0.8857244369744689,0.1968843594484145,0.7218962020406604,0.20310793516760972,0.06871821654850135,0.5899411071750773,0.6216395379206145,0.9787897116995508,3.310989658771397,-0.08327670116264188
0.19999061119427197,0.3768931530580744,0.49433320319785,0.5040841003223374,0.09097271227008606,0.6462277092389089,0.48562302074455976,0.5908918262083364,0.3387502276506623,0.06545645747110918,0.515257374822558,0.6605367577387156,0.19044176423716347,0.6625643771873154,0.25518572485667923,0.2218848188517854,0.9319704841188977,0.54452580937742,0.8408268868927806,0.04856026469727527,0.9398443256881558,0.22722547801455667,0.6952759366222061,0.4683839915396972,0.45662859143333934,0.07612706605468028,0.18805209921260774,0.09286488023468845,0.0806962619966273,0.45219420987205844,3.1719246901105014,0.059205141690329616
0.3408568387171756,0.18582834603643864,0.3297548149718695,0.8413746045289437,0.6980606077382835,0.48834679494560157,0.5101922766225502,0.8805933680771038,0.6860143461092918,0.9144374631915538,0.015435991859651443,0.7094922944710365,0.8447882586565395,-0.04616815732615634,0.4376005836137105,0.35626821323023955,0.241457679932677,0.7881037564143454,0.9046541575815676,0.714800758085222,0.20749807541987833,0.8639245905237112,0.7825094997680879,0.7346843625444593,0.21328014971201403,0.5447841460484271,0.9550520050769667,0.013436185542246959,0.6119891102627526,0.7808156805177893,3.2260146256113,0.12149570333877768
0.685974714603314,0.2469604467026622,-0.07556971063653993,0.11333566541664963,0.4256064391253077,0.08012310201578082,0.026436977689677357,-0.06228999179796865,0.2035407544673251,0.9778539799193021,0.29196117562566526,1.0439530467877414,0.28321707792224843,0.9353258482064727,-0.08186701537743266,0.21337411796465405,0.3757870466042886,0.34690301752643904,0.8651394714823104,0.8822104269684171,0.08089041432738943,0.527722267647156,0.2332252434090743,-0.06336077429362379,0.1211700573004755,0.9803145112413356,0.3073082109947963,0.7268201508338715,0.9860812646889128,0.5262365069837761,4.513168757265914,0.134458457941589
0.16057246119063154,0.5123831238732954,0.3471479278022348,0.0865063406837218,0.6968477553517585,0.06456145742896953,0.05332809371212662,0.7687398848245578,0.8342320166164147,0.6331502525740602,0.3049100124943544,0.17042978157753694,0.7882355762959321,0.7208119959155078,0.25104889406737857,0.876118831308423,0.7524791116713815,0.6313020433488398,0.3165230693137812,0.7684517571725745,0.31397286114519024,0.21797874936209002,0.3082989944684595,0.8535483051763907,0.1772513696716879,0.827598602750439,0.04176745826349806,0.08939323753530759,0.04413979725144597,0.5597504894359856,3.892925122581313,0.15573248560530198
0.2544436928970349,0.28985457460665287,0.16876652302303113,0.6009749318835353,0.14770608620924608,0.691758189446732,0.19921891027853342,0.3845127742630554,0.3726564889593727,0.6311112730142949,0.7119324754631212,0.8134172643138877,0.9339647376485851,0.38423396863643167,0.5694600320226249,0.6098615536246221,0.2742000880378466,1.0905496759348132,0.7574522270888866,-0.08141784905399906,0.04834839630947538,0.2965513641301326,0.16052643192178678,0.8052326980051416,0.7364385586413419,0.8199086389224535,0.19802399179855504,0.571034261846109,0.9998689625578022,0.8904176282365873,3.872144681337683,0.11740163523606216
0.7877286559299369,0.9049636724789342,0.1959192595597758,0.810701949927065,0.550458425898504,0.03233403611569444,0.27504138511066517,1.1961473396093396,0.05017265239920653,0.9923522528891572,0.6991513156478486,0.12109152450201685,0.8026883782000114,0.025208234852755987,0.47310239641195057,0.42482607922326754,0.9008826357394799,0.04052478204368688,0.03784958381667736,0.8630226110340538,0.8114936731058774,0.4766620878379638,0.8741947073085576,0.16665821412194862,0.16538218728394669,0.5439940205756967,0.563740260457963,0.27478587128211124,1.0410459907603804,0.12284286057503785,4.466445216511806,0.053031988815123915
0.6034284331663301,0.14553230322773497,0.9791344094182655,0.1935014294511155,0.8701694515619736,0.5594835848375928,0.8811289031965979,0.3997122481353477,0.2755037219295941,0.6180544701378908,0.08988166086993601,0.3862857674703829,0.1963523604843614,0.8554977361619779,0.23525894030935154,0.27743064323969024,0.36897611935244956,0.4846956660737524,0.11623014397991102,0.0036459190926153157,0.7106740871977748,0.3386791455890402,0.6444401024407851,0.8837896207865609,1.0994981259411383,0.17530296947265445,0.5315567027740407,0.22247644929072302,0.5673416096721546,0.859264110124131,3.9790008594652755,-0.041302153510462916
0.6032808501763244,0.588928518699511,0.4703614520653742,0.20231631471608238,1.1696318670078778,0.5223088478789251,0.14136302397440687,0.8010416678872407,-0.03254091526772013,0.29938322036625076,0.8620971234400724,0.1423102853256277,0.8765981823848634,0.1922036136425493,0.23383367550311523,0.7663046965658603,0.3328240952271621,1.0398109125291368,1.034720973070405,0.7828986381109092,0.3153522212771813,0.3176700332888593,1.0912836514687283,0.4676625976772669,0.4072336430851274,0.2082738076121594,0.6591880390655299,0.5802830232441596,0.858819323996934,0.5164176154210511,3.261297366413086,-0.00010313263020739635
0.8948420779730424,0.5217213873658408,0.4674798544226249,0.9555771447169668,0.8540294821772483,0.6784227707171001,0.7082982103302555,0.47310070786918695,0.4396181443225966,0.5892951057371295,0.506350240256971,0.23328781513341817,0.8974732391706722,0.6811593370027536,0.3585916388157856,0.35630424541376376,0.4801682414988824,0.4095802046580651,0.21387509556946088,0.3060427629375478,0.39814101161150867,0.939740176578353,0.5233199227123777,0.9803762796659731,0.5329800635514068,0.7323826927053715,1.0377458685615804,0.648523245695393,0.8864446985463527,0.5036836419957813,2.7841851115485703,0.1879288671949806
1.0957421881434968,0.03901800507652794,0.5215584372253429,0.9860615407799165,0.4654463778468839,0.1570245691446155,0.6045090944438408,0.1533471469323493,0.5301765413156396,0.18999371642354132,0.5632093336388069,0.05351114998698106,0.6469496974982649,0.5411888833053008,0.9753146081601786,0.8237361563794516,0.38448199968866004,0.1948220167291101,0.4647609687460601,0.5533640926009908,0.9454935523200723,0.855531074817838,0.6729387904597343,0.6412282648233315,0.8613065575550933,0.8761558344155495,0.2765279057916225,0.6662704165737279,0.809801350163551,-0.014554138752604244,2.8058576708647966,0.5945204648843057
0.2765625280777616,0.8542358205248617,0.3132513847349129,0.8318964805989639,0.2301930867849991,0.7306435763171946,0.07949781509459407,0.541034679881622,0.031031290354844032,0.6194651289797831,0.18036500086394086,0.08781987649982625,0.5847352128619216,0.2889025358201844,0.29537656024219655,-0.07068148178398112,-0.08459295423160376,0.49156788070549057,0.7203763568669153,0.883064405414572,0.5418926440269203,0.5071304170795041,-0.017790690322904618,0.9703674951338551,0.27883209066425124,0.3672345504104914,0.4293697248723031,0.615535654787512,0.04371031168909071,0.09884655735174128,3.4277296035209663,-0.01987094230068589
0.15221543863040496,0.5005592367914523,0.1505033229280806,0.015928474296458772,0.7694803635709172,-0.22174007106539742,0.7659754461383322,0.12224258474849596,0.01117563775840831,0.27935559182169983,0.36802178137537356,0.9980073910130224,0.07531749668808095,0.21749787783035765,0.6869828568856402,0.10156144091256397,0.44657917008868214,0.41804659417504336,0.5273241351443188,0.6487429141541193,0.7382319081833657,0.19541913204133754,0.535386510213902,0.02060238243902504,0.15390150070097655,0.47557125750963286,0.5131910273061785,0.41524560176260256,0.19758788935760585,0.781175970475879,3.2003008808256084,0.048307977572460664
0.6299069321598878,0.8206980558476056,1.0251784863688873,0.6510197220049183,0.23883860866841164,0.6671842982238617,-0.048865243230651334,0.2501997303592043,-0.12155857613808786,0.5555793921740307,0.16030665780443343,0.9222546420904976,0.16467188152375442,0.9804071999094778,0.3213082997663401,0.6383665532366407,0.5765534447013928,0.3429867080310944,0.1463086596499625,0.9871363550427606,0.08993527622408976,0.40213950030789175,0.6474257224209087,0.6240900243339581,0.6673811829965798,0.7541608499081891,0.4447970296416679,0.21110867792939986,0.6198110719232792,0.7105945074520625,3.0315671353630456,0.007177226538006386
0.40146109791252693,0.9420290243507932,0.5260589778809693,0.23585721586174369,-0.0019922881003006376,0.8115345019611767,0.5346916284691503,0.23175781773328916,0.36116645020270166,0.9405720926566764,0.26758256579576556,0.2972833266381883,0.4196576306275102,0.7680278702328023,0.5350462809721597,0.5372649470534089,0.41146681308740907,0.08453474127722123,0.8575608709608821,-0.011079302459846157,0.9305795771995483,0.26049487620337036,0.5871096815947826,0.627230783080639,0.8078643627488629,0.6769047687814906,0.32211368793454176,0.6868773542833587,0.19992667362551594,0.28864655850876675,3.422192950554367,0.0943915407413284
0.6709733789899619,0.6550288117817532,0.6947830117032326,0.09216178449683142,0.536606894922001,0.48559710609810114,0.35705042395958875,0.29038481622222395,0.5622134326058948,0.28554959703868055,0.04363570042710894,0.15144336842437436,0.3183059176634344,0.33469959881169775,0.5216233807982668,0.17718036208257093,0.8056050051625601,0.017824831482415343,0.42287924524245535,0.7673442620024533,0.2511546617116933,0.06617719466089364,0.2448884885112405,-0.17745233149959158,0.008654802594123882,0.19712873407992454,0.5891080099192404,0.8154541916371957,0.4038163256923815,0.20937659013730206,3.0232548247080673,0.08335846070272154
-0.025195878394371037,0.08090102498244482,0.5702013548297292,0.05103964538447031,0.03795204673020082,1.0466615981537561,0.3219539363012851,-0.009826967754108185,0.6331333851975651,-0.047111042689460564,0.5443929400768792,0.8076875227711565,0.8851034065432712,0.38980148134439296,0.95513923344117,0.5533982238806825,0.3023653653731807,0.2818017584779912,0.1666486899861567,0.30913018328831776,0.38896119445323657,0.02120712790522265,1.0066352916921144,0.26215181824589956,0.07668283932380378,0.9613356470021528,0.18815548900562803,0.330621011733843,0.27815951460392196,0.7555581554912887,3.407777746685889,0.08998699944834809
0.9825679963668414,0.49188940598022485,0.5355453823663364,0.8054169187587912,0.7194302013271534,0.9944082456582587,0.4100181424512181,0.07498393328161264,0.5871232827184749,0.4852099666154302,0.4946818445236092,0.3883741603956392,0.3213854961218047,0.338177666846015,0.21267327488455257,1.1067131447341931,0.85578469495932,0.5435284907186937,0.8854849637740646,0.5984626929805311,0.7346195073169736,1.0135919006951235,0.7642889841384144,0.3770624142703095,1.0357716809654387,0.4169601674864148,0.6448508988056322,0.8258787564706911,0.08431431545772558,0.8738932182947783,3.2387207237004425,0.1346243378451624
0.4692247464024131,0.6463260378799689,0.23777464683196778,0.025629254375191243,0.3925052612029228,0.5504291928043041,0.8931663025835043,1.073141303521364,0.7743258575676306,1.0790957566605175,0.14705923906324592,1.0013039626604525,0.7070857088544136,0.2893083681924664,-0.1162555881227473,0.7073240080361833,0.8129911826668468,0.6270048221240384,0.7929814881943076,1.028637005296368,0.5271643968424599,0.22909521784869494,0.3700074552425597,0.18011462201101208,0.2891131171304949,0.4935504461228858,0.2738451184505025,0.7068076626781348,0.33487957855463796,0.613705171829808,3.331841172752867,0.001142185151651814
0.19717750831984132,0.7233081614571876,0.7247120120322573,0.48905588240594067,0.06841780526697162,0.7594671812743927,0.7362243325595593,0.2469544955121423,0.7167186287814029,0.09456327105776874,0.975581256974182,0.7129868503616495,0.7585325874632391,0.5090574368723034,0.30116009396864135,0.2099268437974754,0.6101646255113544,0.4740655800807623,0.699963261546209,0.710758399042508,0.5381200372951009,0.08032226435442986,0.7228694645861149,0.5351426861148013,0.2779500514183094,0.6682562887726323,0.6689014303820506,0.5758185233039793,1.000676615862401,0.9249503083716553,2.980555376417236,0.038815921157658195
0.42681853373259504,0.31046343034728685,0.873775120429702,0.8190201898551306,0.7405826558160484,0.56618742896333,0.622144154789743,0.21178154782726033,0.8117422971522804,0.8888700714268178,0.29781385572609076,0.32104323536794466,-0.007784597996883365,0.387511576892434,0.7858832657013307,0.5087141778746775,0.06262068085614034,0.6887452972304002,0.896008808099658,0.15994725684529668,0.23237761064272833,0.8099025198482641,0.1697528916011371,0.4663274056963599,0.7374484217599453,0.7289214536807558,0.04366466195448012,0.4992697405564075,0.12339099153860729,0.8487090153877764,3.562910381906541,-0.08017723188626946
0.7388726456261325,0.17643899251431014,0.35861238279434354,0.690352388947385,0.32853959751185746,0.4095563419525709,0.5961839976889185,0.9761457848988133,0.7406541863994833,0.24322220469598455,0.24920271452984855,0.12313216332787787,1.1043661042197992,0.6391136654419424,0.7029078977549661,0.6918987672160419,0.13503014957448636,1.0425013495537476,0.8164105960374444,0.22232056315935714,0.13443182134948647,1.1106499282707973,0.6947840787047137,0.7391804636587139,0.1251559897376881,0.864668474951283,0.7433911382699695,0.9423814140797601,0.40417875060614367,0.23272662662785154,3.3877445461371716,0.09599719956412908
0.7317304756908926,0.2649115006521288,0.8763522118988255,-0.02032157759884777,0.8072062205017335,0.6610199432403807,0.5906123879680607,0.7560555430206595,0.7618265590819885,0.05040498135559873,0.07635145658491632,0.3687746889518778,0.4593797140927338,0.10277394688387048,0.8326026653921468,0.7195583980595517,0.6412676388763939,1.0061179204561774,0.3155300920035723,0.47314022944691747,0.21767012964828986,0.23517540566035589,0.4873687138711312,0.41564316877063356,0.8971778714870328,0.29692906272602293,0.16829196145242542,0.3334477145425059,0.4108817643378805,-0.008870462319368444,3.29899929806638,-0.03834915535452029
0.934944410495171,0.3811324705865595,0.6265239135632459,0.832421354593383,0.64258282083898,0.1471913448975834,0.8274125872388305,1.043481999605127,0.7330376938642706,0.6519065187519358,0.03306955094145654,0.3401149619582401,0.34940368983237097,0.2934600949107751,0.18099037278406735,0.9027169929475523,0.23803456997384786,0.13046469520903373,-0.021172440226174212,0.4607681811106143,0.8929836554271944,0.9734143430750709,0.28913327178426657,0.6946320948905526,0.12347011423680303,0.2962886319257603,0.7715843564242182,0.20709873997774345,0.8688607734600888,0.09980538529521712,3.522551749858489,0.05136920411845901
0.8710922960900508,0.45664421535443495,0.12656037573636192,0.748129670769572,0.10621479430985667,-0.10853099740424141,1.0644477566016355,0.7983029859254511,0.7887384772267366,0.4222870758992639,0.9605096729115811,0.008068963869809,0.9091200198152929,0.17781258966641067,0.3769125930255449,0.09751841469739234,0.5883349626482356,0.21540168348634026,0.47650472752494766,0.5148369781690549,-0.031553463121029524,0.4466460102322441,0.022487996007081068,0.4340816046473436,0.8514606590151028,0.597114460155685,0.440489211642369,0.8861360573954008,0.9578321426874636,0.7331168065404313,3.873309471251714,0.2391704235387384
0.48725099430524565,0.7455463739965987,0.8435603490129577,0.35591216412377824,0.6547678790611231,0.8752849831212057,0.39309263478741796,0.3801386836839794,0.3261658793783671,0.18017955481282671,0.8863667032520636,0.38357200289571974,0.30465420894792006,0.9231993659384182,0.35634718934549775,0.4721463064983964,0.5953465823490314,0.8271771488500745,1.0568298345058318,0.9546701162729526,0.6536288030142884,0.9488243346802021,1.0167321216798315,0.6885414166283305,0.9015836008684601,0.7550232923597275,0.9906390661103129,0.38626875214339873,0.7417209224690662,0.5653823427327832,3.9036184107336602,0.1794395342340882
0.04053742585306774,0.8865818205820521,0.9852833440251112,0.2805167987432387,0.8442968621542407,0.5703645171535082,0.43003128130389234,0.27087907416620355,0.09863094617038082,0.5360265015063768,0.2490555053693706,-0.04227828392768629,0.7059031439778884,0.5842462274088588,0.34047368034288583,0.37518238351077493,0.5670552680738103,0.6725398517521977,0.5741038153642383,0.8644288340371713,0.26210102952016223,0.6407191039887666,0.06373006902906841,0.14809539238589864,0.9590299087602259,0.039885362758231846,0.9267250294241869,0.7789585734206105,0.46327040821118515,0.4285147723309209,3.2778718806538363,-0.11633426233157416
0.6569016897940688,0.8407777156566582,0.3840254170740869,0.20967901295180144,-0.20002277085218573,0.2988944648656176,0.42566147437400603,0.4626660822852275,0.38143579429534147,0.3086450227417493,1.1357131583190778,0.38646255162974363,0.31912470424723005,0.48942707768307325,0.6979951590287006,0.08186467509418034,0.46657219529542265,0.5045640325130126,0.40513986898546817,0.18459039898085688,0.8314383210942833,0.8768672183850958,0.6558916380209098,0.3280903129467311,0.6579032017835564,0.3704598036563125,-0.05507574816197208,0.7995645513368222,0.3194351910584019,0.4029467763566099,2.9015278658475627,0.09882690214852115
0.18146445475909156,0.3677637056064422,0.7517864974563927,0.38544500816074123,0.8536030668228733,0.6595511011868211,0.8937654527482111,0.5450544185289821,0.8667397184221061,0.06176811392380355,0.6524652259754383,0.0312091390878906,0.6160620036843696,0.452869550215201,0.3964172544733523,0.43476658514123334,0.5025500895303973,0.9036868320187389,0.6480690489195149,0.7981754370968616,0.1805945805979134,0.403279843069717,0.02236053244715014,0.5932143256985948,0.3963659037463699,0.34089199505265816,0.5642222973456833,0.1021167629941036,0.36883371619439015,0.2752502167293758,2.9635977054559017,-0.03204006092092974
0.4825284653534464,0.7360415759608183,0.596794550076061,0.6329250773091425,0.0428499934485955,0.1676292175621898,0.702406888233559,0.7672516793434794,0.5968769522196673,0.8628391996040456,0.7879858656321841,0.6693339776282929,0.15801816926383824,0.7623703387012326,0.01490898759803315,0.5466789719288483,0.7255958158893847,0.5819111217809003,0.936437250586324,0.8385137332646659,0.304237706488078,0.9764537498156676,0.4000647749628139,0.9000629809202598,0.6777893634437523,0.7291145548458204,0.8381748812772377,0.7068728438574364,0.48214291519118047,0.07968104254552183,3.6845457103773644,-0.005826831119156661
0.10293757222583537,0.10251741028906583,0.15102418520393246,0.5885679761045098,0.8167173081877094,0.7242700224247325,-0.08183824812449338,0.3856775428060387,0.2380240142837269,0.3345564452353144,0.8580230002247458,0.5546238139208659,0.8963627667997252,-0.021522182145823278,0.7858179710482155,0.26140809273578164,1.0832643061757206,0.737865548267544,0.7671877997893701,0.3584925670943267,0.46136985736371816,0.7739151934411483,0.672874145591756,0.5705666968399926,0.7053080413814508,0.44154919647989427,0.47102890172029965,0.8387214047904471,0.20539516119696266,0.7928845213134614,2.9556179039786215,-0.04261438761229797
0.2757249619103476,0.7903485805560189,0.198271392544544,0.8061329974206585,0.3265927315770072,0.09790262433558508,0.8310761187165853,-0.15981491104575224,0.283358730920705,0.6979332729853506,0.5633701399658814,1.0028785841205796,0.24943202048429353,0.4735522735220732,0.5718552688527967,0.15626097842405431,0.7543651426114669,0.19809865842949342,0.2949736038141517,0.684764278043099,0.5146452578708828,0.026536195310367494,0.3330300191292724,0.4670345810195258,0.7018436720174673,0.6621448362376368,0.3527819133331075,-0.020124442219233152,1.0925136957637425,0.30088615885809816,3.10751269399862,-0.005663669234944071
0.9671046211650962,0.2148134823088335,0.9824296325035666,0.727052440955421,0.5910227624724692,0.19264387330552157,0.02934009283254116,0.4197010606649081,0.4620440781348242,0.2673032258614169,1.021559017866267,0.7962985438225225,0.3213528807355747,0.6430235148824165,0.6274664647466306,0.7983162824513714,0.36517867436102835,0.8384519102670773,0.6205498111224501,0.5656445349139663,0.9824110900953261,0.48710684614822647,0.17816277312411938,0.6286155432392858,0.04070803940208835,0.3079731199870802,0.77101245092974,0.1268515134789161,0.8253806866865843,0.395891892829866,3.529442826890068,-0.06892436776439383
0.38193393930671926,0.19248108247598866,0.05999310319253599,0.7231235034511265,0.706725380269851,0.8487078351262887,0.6710057123303204,0.8566753019698293,0.23607537918731974,0.8392644157574953,-0.0762086617201627,0.7653998811715848,0.10620452752288799,0.878365551876934,0.04615942717667666,0.428051241477148,0.7742403305300181,0.7600033995462726,0.9675229271431112,0.446697786152869,0.5383944314106327,0.7815742245877878,0.04187671024637543,0.4455640039927169,0.3242585959002524,0.4438707434529028,0.9615771773536284,0.2878895267044938,0.42374713953829357,1.2569519840017613,3.2965345059628555,-0.17479054410947337
1.0419021845302237,0.4055859356445322,0.7016944154844874,0.06685666130729374,0.9378749981826635,0.46401272124131104,0.2597650318838815,0.3350456638033614,0.8519120072678442,0.1888512935927679,0.25507739526237055,0.7199973573187326,0.15819141229389222,0.01768398109741559,0.19231380822784036,0.20617585457412343,0.5977085584251114,0.6898695562139864,0.1866808274232512,0.9855749232172171,0.10666913870957263,0.3180902334597214,0.6363214375823866,0.017834177993624897,0.5406680643328617,0.5052081845217647,0.6757667369119159,0.2686413247584495,0.6355449606236747,0.7791123083648414,3.1465163757542873,0.010752088066815092
0.11385979617680086,0.4298080576403215,0.414834992005028,0.1389324631732758,0.5896789413366731,0.24501392645535602,0.5636872202007777,0.8519232427403199,0.490375398908412,0.36178701484415304,0.3399234466327371,0.8326108357588621,0.7872124294691655,0.37268231610794167,0.7168209036424088,0.9652077041876189,0.20003629378106763,0.48962272404154633,0.5734680112322292,0.23713000238962678,0.4043394316745217,0.7741327490686438,0.5755727881965905,0.7013893443329762,0.03604251492465012,0.3142985968738,0.16708474708099508,0.7128965906911825,0.236485526340008,0.9367131403450235,2.9958288145261394,-0.1112959418189969
0.621173144630067,0.3541924227317964,0.7458591467136924,0.8376549173381148,0.2640171614924435,0.9700174125501083,0.7776675577073322,0.7310854527562841,0.6926157376054755,0.26869936360099445,0.9708982130318873,-0.04516347601452292,0.45946783574941963,1.1068418234484108,0.3090295322881872,0.32585622431274763,0.7879552659551888,0.7558641709692169,0.11947013425088746,0.38473747054279284,0.6051033683179283,0.4269171550669407,0.5778841262687314,0.6721883517361248,0.9043342372956136,0.42233945332718054,-0.09029523516524687,0.1659228835693819,0.814478643104434,0.7903079745620484,3.5524708348973744,0.053323557082822375
0.5767630351909153,0.7737748109728513,0.2833836516323593,0.49910911659390444,0.6641704039578,0.8181866307930419,0.878689434149429,0.523793809269353,0.6085928049798588,0.6001545781181372,0.4018032033388443,0.27704825356891005,0.4211580705759924,0.8552291321173432,0.8318708360973169,0.487116897988595,0.16836813169850878,0.691804521770609,0.993180286467179,0.2910931051747597,0.0818716000772066,0.2339693144016079,0.7358382654171393,0.03803090732735606,0.8034175636681543,0.6643341518497083,0.0758770658811834,0.7458362983253365,0.8737693141243327,0.5010171134389976,3.3688150901322245,0.25772839510200607
0.5447757921465533,0.42471439906777275,0.9410422909402751,0.9199399864046189,0.6391760323722359,0.39875771167258806,1.0256601593323704,0.8174883183590088,0.1704533737480192,0.6153440815521611,1.0086572193731493,0.4112210201133552,1.0816992240631085,0.6924445460048363,0.7466141922042042,0.836828509614618,0.20091764558762001,0.4222651575411029,0.30089929199661963,0.46785531798589736,0.491236518214925,0.773249212298855,0.3475529787913575,0.5872635941817234,0.17853373361795097,0.5322881315940301,1.0048656959435145,0.39124359841256656,0.7833637281063027,0.39366857158948737,3.3982018201152764,0.10821379523298012
0.8054500648272511,0.2106495034952672,0.8170057710231076,0.3152579895175009,0.6337810920617962,0.2550462578966234,0.8314720829020059,0.6078004885964838,0.11109864784031079,1.032676603749877,0.8653286982685184,0.7422302601786078,-0.11014755921316384,1.0083985692168018,0.1939687451694761,0.4991300603443791,1.0118086146889873,0.9960576525961344,0.8193959006080304,0.31308651092713236,0.11310389226398035,0.39656636057531447,0.8951552992760227,0.5288632014226494,0.4466819080379918,0.4536640334149874,1.0029517662535148,0.7268245510701863,0.9146212671061164,0.9012313449102866,3.973185533905366,0.08226466188232458
0.590523183645652,0.6971084748136773,0.1981364017852965,0.9372636841452429,0.5238522814043431,1.2087280289865805,0.0058887564147031835,0.8547214327866672,-0.004020159204713651,-0.11958586065030494,0.9466961246955035,0.6114691717295927,0.459465529295791,1.0138719135935634,1.0714485696680365,0.5731081833356396,0.0438933052756198,0.4608804101756919,0.3240835478155629,1.0667342924977004,0.49112903289350607,0.355051428706671,0.7319718378269473,0.18572133756059983,0.4590882788397348,0.984717215893784,0.9802287558535328,0.37987899122566254,0.539988838761212,-0.07084742419874945,4.371962222202153,-0.009455674676079636
0.5583182324802223,0.13910026164409323,0.7915377855573319,0.7774747697641872,0.8775003599619506,0.6917762364584953,1.025645635536005,0.09668970437602982,0.6206820824611201,0.14267031842995476,-0.01787897916597414,0.7175986187222034,0.5831823580824251,0.973531813646289,0.6918654373024157,-0.12383007539978598,0.8514845237331037,0.4809081824651156,0.29959294383542046,0.7928638490260951,0.989637234411947,0.5269253719040312,0.39846187738998035,0.5867988771890789,0.032488894057944834,0.8530392229841727,0.5859466470075639,0.8612793208287539,0.0614014718839522,0.7921626389774822,3.617137262853976,0.1303387300642253
0.6836420493009492,0.1385272306646949,0.8037375838319526,0.8283185857778068,0.07474313932200827,0.23609351907500997,0.7708862015869793,0.44060294580885917,0.6864372499252506,0.6214103756957854,0.45350002715053067,0.3689679435606143,0.2246255623446216,0.5069778261016763,0.8718866931258159,0.4062958692979882,0.4980568578449075,0.7883599890522515,0.6141409521275216,0.4227048862468296,0.9977753781806099,0.9475394719741331,0.5316662860466171,0.6788585668301358,-0.0874080853190511,0.9567389867108717,0.34682411368596283,0.6286974116972615,0.9032242968575558,0.5685825126820202,3.2991091472126755,-0.13238877684936187
0.10935494050405031,-0.027111366611927798,0.25648551574308426,0.1681196933546286,0.46017039848156704,0.9118409500484803,0.7199295303277772,1.0675053382182187,0.7901358439517966,0.7802621488054411,0.4886591802866877,0.2935979040940535,0.8164685810132288,0.8576581079952952,0.8258850782528107,0.13180708694701657,0.9293462538711217,-0.09193014393082247,0.8957292882367279,0.12424605458243658,0.3631213466232683,0.08173489879857432,0.726617672316986,-0.14637118518695785,0.7816971409814848,0.5665944608342407,-0.012772686508649655,0.7635951024644607,0.0409708171680222,0.42111123828842006,4.520790671299057,-0.014675642699726717
0.45304581470313754,0.46714835359325124,0.8019530234698234,0.8800217366630921,0.8419466806833105,0.4484653125129675,0.6506721759563504,1.126455957071971,0.3485733902288807,0.40620589727865786,0.333536853775514,0.7461166483937998,0.15493903378476892,0.29771540858601103,0.4060902475127335,0.37799142836843547,0.028656562772003513,0.6593265070123133,0.7443257473528073,0.24142890939044584,-0.08487522932541638,0.579839048109652,0.09540199723568873,0.3367645716216744,0.19855207847256465,0.6601412964628438,0.8598217364182165,0.8746620004055572,0.033362565820399134,0.653789071832735,3.4545870650438504,0.16127186027576393
0.5137626492323986,0.8078351193503271,0.9363807453372224,0.4434733527490919,0.6193008609025048,0.40985570996547305,0.5824912321173368,0.8844286428281214,0.4942422381825707,0.15847723112730275,0.6474498866013991,0.3783831869142078,0.322923521545825,0.6955321048825434,0.6534528721627423,0.057243639912406274,0.038369043409535175,0.04000321899947663,0.6574109764568564,0.7004595190797503,0.2861174149255741,-0.004494664192059933,0.8038875997651486,0.7517231249302081,0.7757391545077584,0.2902612236125343,0.3000341398442925,0.8432209058294452,0.387100394765363,0.5224032233299847,2.7405513025152954,0.05748186017870313
0.41382282671108783,0.5766478444172155,0.5378954328198032,0.3420774716465979,0.07753329248359866,0.24867595882363572,0.8779068829707177,0.43730341383009164,0.2211419022695695,1.1891687954523742,0.8614817216925752,0.2978922700994366,0.5113665255509989,0.346968492655625,0.8148242569440145,1.0597357870063207,0.45901860960071705,0.6721645267234256,0.5480841395480142,0.15924268656523546,0.013033044872351143,0.7758709618236412,0.7430744280816324,0.4686050415682139,0.41497199450383615,0.3918058801213812,0.6462793542298015,0.38171818313660133,0.6005958312828952,0.6158511109503704,3.389159455615605,-0.013511215516707318
0.5660154790909548,0.5486618960860952,1.0094365015466404,0.2573619663840585,0.399276159565699,0.6110857781731742,0.8715328305070538,-0.020017628560588308,0.39009984874707937,0.3101978038095196,1.0850463712622676,0.7087033062362618,0.9764095640124391,0.5152588271357327,0.34826698843113546,1.0228674034114555,-0.001917478742411799,0.29368620259220585,0.6379849759576451,0.1910716215756798,0.4006744697826059,1.0688291438078579,0.17686610348792248,0.7922908058777581,0.4898967556395313,0.5516087580475065,0.24762574274524918,0.6062465501924378,0.5334651729123591,0.7271267477408518,3.1331305151985167,-0.10628032301296951
0.7939721233508821,0.777406293624294,0.6461234070208961,0.7965719265245595,0.32626033765292883,0.315015123259733,0.6076563221459957,1.0973239137980433,0.8219831986667725,0.7150605980619663,0.7294497532489028,0.7550943768576889,0.20409243261310234,0.142484558946044,0.5276811809216558,0.1550205856250643,0.00585700162067937,0.7587817427322644,0.06604423709536322,0.7059491265153838,0.03673432898285611,-0.05433323282395949,0.7556443407921772,0.7728116700269383,0.4170880047704081,1.0133019071886618,0.34465429199966574,0.4782074563417252,0.2276676254426982,1.148190814661128,3.4664138175466492,-0.03106492247475269
0.3670233698309425,0.1911751980232786,0.23337417521140202,0.4829689618216645,0.555882422829112,0.4731028275794535,0.16332562557863206,0.6180665249052728,0.45004822394617133,0.6377606563172709,0.13390365714572344,0.7528869722814144,-0.056021166616880225,0.41505052464836195,0.5763517190754021,0.18480067426817398,0.24379454339706774,0.6927479093562827,0.5864566109854209,0.8854058586343166,0.4438618240788583,0.13870211794641094,0.5255613094090148,0.851639395611972,0.6237149461755309,0.3199302630480324,1.0183651971755625,0.4820845680205667,0.21083301242630526,-0.007487639975469557,2.5597329238344124,-0.04250054646629723
0.10896320597493095,0.31391159207655317,0.4906826876789411,0.7836386816910275,0.673262231413994,0.7084558305027456,-0.15558148168243713,0.29750464653978254,0.30611374469777974,0.8617483824869789,0.5646462201416962,0.20280920146815373,0.5181921043527556,0.17870237151550952,0.7033893508084029,0.3107648420243798,0.6916803387714967,-0.11244394469525855,0.2637277775494017,0.697606607149286,0.3737091144432711,0.44138134002014384,0.5851658299733039,-0.10469522895360199,0.6389315786542631,0.9251308712071544,0.7320560646172054,0.33767841136926763,0.05824284935292777,0.520472165436763,2.4915346659814,0.006000028508709444
-0.22413220642982756,0.014147229387161259,0.1907005693752121,0.2561905678605324,0.7309680990391592,0.8414921544500857,0.14169836930683788,0.29917128810438287,0.7485657628009756,0.12212186348986022,0.8260401160114915,0.048506869542792874,0.6053941482697761,0.8250089204040185,0.39911044826154735,-0.06906788095673602,0.38673662373856094,0.9655774603923095,0.7309562401954459,0.7295900713238216,0.7667638590646444,0.6632774986290221,0.6859258470035157,0.34777486753326725,0.7202792621395515,0.5351949736109719,0.10907456296492407,0.9510683125314309,0.07081381160968556,0.3752293917315878,3.1502446624443885,-0.053712912398187075
1.0076243721846794,0.15144754372067032,-0.09192629878381725,0.35714923001792337,0.5128404648333312,0.6913545443445044,0.5751703978011329,0.7932683089382702,0.4797512838325241,0.15447440316056482,0.03163738508499076,0.336160038804761,0.9298422994018319,0.05985957882055446,0.3977021498098562,0.9644304413435564,0.49601137001741463,0.5022986776137139,0.27317486675614117,0.2504171247076967,0.7989521784447307,0.34318744698807085,0.07797054104698595,0.3241959007895352,0.12321058547689448,0.7182155179451306,0.34666527560529986,0.6931563546935873,0.6483029078058752,0.44942753760953963,3.123026014145006,0.20382601335124395
0.753698839760214,0.34599077693788294,1.0382024646708297,0.8618988992570017,0.08024920528095582,0.8619837486932149,0.36392037226953644,0.46244592533629836,0.487483403429657,0.33958899378781104,0.6885158076787132,0.5406165359586149,0.05457008183697452,0.5539318268568364,0.5658816202723811,0.26890836065965873,0.4765130521400332,0.07258539824309082,0.4897342460312024,0.6465890576762441,0.27263263016311357,0.5733165993567699,1.041091214614781,0.117902088557362,0.7328069652269884,0.5197847092409958,0.9142977723347689,0.5703647398373439,0.22870836495421848,0.32368230514137414,2.941807799224751,0.001029445259283566
0.0006027959104923757,1.0649463259649554,0.3447192808439734,0.5312551998399004,0.9198032749732554,0.2618885809366453,0.6003483314859531,0.5630987228852299,0.5766371275162948,0.16540962012462312,0.5229938960965714,0.18147513837927795,0.07678941378063693,0.4996267108783798,0.33510807857216435,0.13665283106220047,0.7679776995549105,0.06443404094663542,1.1004831488630753,0.8880071469404457,0.1379810840552145,0.2898327340658089,0.013321390262303542,0.11043353745989218,0.7758086360117826,-0.07719417539701565,0.21641275345121286,0.4537397962877378,0.18204903173212877,0.17213912650391255,4.054807323702437,-0.0679181458853429
0.23083727371892085,0.5396014384016199,1.006878755474715,0.6396503975422028,0.9197762232826948,0.02035929343843996,0.022048123948489512,0.8250807251695709,0.517938604078092,0.3549956694371684,0.30561048478463626,0.47863623427894436,0.4023865696559096,0.7834310047009287,0.3349331525528789,0.5609279562858678,0.144373976155248,0.25673984876257766,0.19358658861850314,0.33529755668439554,0.38792378339991546,0.25114144818663464,0.16971127572930533,0.19757264506256084,0.8187058273150725,-0.032224067722265146,0.4519798456295606,0.007496996530186595,0.9489876072965987,0.9870566613274401,3.6676003450692036,-0.06856799149500017
0.2316299588581408,0.2521222358688339,0.13559971795069906,0.3386135607139833,0.7470277284397491,0.3810852450834664,0.5304479225402758,0.6409953879751207,0.15734054549886603,0.5840372659174837,0.41512196552924124,0.27406655887146314,0.6331039396537973,0.8512708734432607,0.4628287504462471,1.0705282327871362,1.091105806658506,0.2826870535630624,0.13097442017429517,0.9560202845381147,0.5848619005931492,0.49104320401702234,0.7068147690475369,0.34760324689906774,0.844025293397227,0.9065520017578428,0.7475659666308075,0.052384511872657025,0.7616968116545041,0.5203789908613893,3.175688309863485,0.01599231238589797
0.44379872785434243,0.8574030857856254,0.4031102951155467,0.3042378008826068,0.8037271239063526,0.5081573908049845,0.9199497765802469,1.0012664365560244,0.7841848140451309,0.44307175630578366,0.5548198067419895,0.8562946173475985,0.7480822315018285,0.47903513733694875,0.4793027588429456,0.24377498265815004,0.217537208340149,0.5728853807536056,0.8632508582071062,0.7856513565174461,0.40263897116488734,0.7231176693545798,0.9085870252771799,0.8961380250257479,0.2313895038011833,0.8009180640507931,0.519908814833419,0.5426914793777996,0.5914288274096643,0.33582890108051283,2.8794329280509245,0.09796825075082521
0.23811317582941158,0.19416818256016666,0.3353688806361827,1.0036570499937745,0.11938673587926937,-0.035223010519514444,0.5212130202476433,0.06655272340970142,0.8702512968979154,0.3703146101785659,0.45529418955436407,0.8772427886509009,0.7759098462733567,0.22161383808001076,1.1277703007970659,0.8257483649803357,0.5677191718948823,0.4813415658028861,0.7585098408123815,0.8436532612059183,0.22324550949962538,0.918093758523431,0.8447166839726713,0.6387254884775011,0.7117134853503655,0.19533976300368194,0.7618844670670585,0.8234397143157022,0.7005419101813392,0.9029333416041737,3.849137181938438,0.03939095447803611
0.6432676161965524,0.7692873849131463,0.4929287566673896,0.30014398009712445,0.2013100592334911,0.27329760844065915,0.27999056132963335,0.14860598075685277,0.15876693466678787,0.5077998620141978,0.6596131503701107,0.711666182925004,0.4232579185116264,0.8557117318451262,0.1326802451350561,0.9391749695414386,0.3366469311982775,0.08649324219705565,0.7071166632868147,0.06149766136899237,0.4800761170819418,0.7129676047475856,-0.1926037823800929,0.4725282408029601,0.6975507208286474,0.6942305078204288,1.0296025392548749,0.20973006777077596,0.49044617260588325,-0.13065903532421042,2.9713259097795115,-0.15365741097946484
0.5177652837920454,0.39116400414075114,0.28081920896390905,0.409044334483285,0.49067963607329956,0.36917505855612587,0.44772029536510827,0.19586839956835222,0.47002438034210503,0.6277851874878264,1.133842024151135,0.6579259082231982,0.4068360057469716,0.9630815068082098,-0.1116892109388474,0.06293446110995098,1.1399733169504191,0.591734799869724,0.6987037037119661,0.967302002734596,0.7450481554488014,0.9394997033095772,0.15842844154942937,0.4625691028351471,0.6858782700972093,0.8426768716169358,0.9051297697131547,0.09393558336598512,0.34938760714392864,0.943409436367989,3.803352698138244,0.06434512558047767
0.42919348686226677,0.4991396076099709,0.5288407465756214,0.42396439581717416,0.8191406426026296,0.5653220379872085,0.6086034301828881,0.9479283325378388,0.7823655445334797,0.21929313520661808,0.14194316444297167,-0.07414289059289872,0.3390057254780018,0.8086780320448417,0.4329182028573584,0.12998448362504664,0.39741022251431835,-0.11867221399172234,0.911957183417241,0.9172064091812593,0.2874070227508313,0.5030679491006503,0.9946643231852463,0.3721719100630003,0.5759315955512235,0.36616737029417423,0.42847680470642013,0.2514323755929475,0.0029379764339963615,0.3113566676870328,3.2201453151351087,0.02451205406998644
0.6693091978940384,0.23068186028281146,0.6755406422933675,0.31925936668042415,0.6122846087409868,0.8182063351831924,0.9164783643489075,0.6519275342955346,0.6277261127349187,0.17454473632040265,0.8980608196779734,0.4275455826911011,0.49981615636489257,0.06531742413478474,0.3054356080793142,0.12521845402743553,0.8392407710222478,-0.03384433612400835,0.6030065964559346,0.207160845341792,0.8313822625432117,0.15091007290317437,0.2138413577866319,0.5175224829761915,0.25256605104469537,0.8948401580548665,0.8106619496096387,0.39401738995523605,0.7798721042119255,0.5156272213463439,2.9346428785005743,0.2495100770322355
0.920190768328383,0.35887171141330093,0.5147828896682594,0.5955029002569028,0.21424354773412876,0.11933621383640433,0.8969364829905963,0.20325177021819632,0.16301592319217623,0.8497407255230734,0.05189806741453591,0.2492644925141143,0.34987353343903704,0.8026765006285916,0.3936688587280784,0.871438247872753,0.710604250236099,0.9249791360087547,0.8187270633465369,0.14756886948805212,0.11666510844694664,0.7164342786186048,0.24111664868351926,0.6655659841361149,0.5640515537828618,0.6118632098408506,0.3082544377590504,0.5766059490840685,0.4003657947828074,-0.011424411048070696,3.206781097751686,-0.03754703629104381
0.7075697334678186,0.4593074788122515,0.8216933956955088,0.6926245172845227,0.7209437127207244,0.6661177064884827,0.6446547096331215,0.4566060088190328,0.7101363773551004,0.34169299755317456,1.0032097443285384,0.4950583351900168,0.3148806765869421,0.5439164938634116,0.03051051356675874,0.5264937516980429,-0.014078402424654565,0.8214345103737357,0.1614902862035666,0.8846340578847481,0.34562701161421727,0.039552989859075224,0.25098863948548106,0.7033295622290026,0.8628348580082928,0.9144894415935649,0.2850481656870927,0.040932323863435156,0.2827390196009119,0.6459188815692228,2.907049809677395,0.06560792488840668
0.2967801340076738,0.09830492558462553,0.12435585470414112,0.8103440983599122,0.21605933863609864,0.5909239002825334,0.8610221402864273,0.3980117550488009,0.26415591087736334,0.8445742497310289,0.7272402790470945,0.7399109907479592,0.6242779399908321,0.9389310300542003,0.855604307148201,0.840036475449675,0.9239237264750394,0.9794606066338035,0.3913468050542326,0.8511769618323344,0.16749229729689785,0.8290689917067121,0.6410614465737731,0.25236367911975627,0.08941692015394873,0.044609028241315296,0.9277471846811173,0.8590348912518595,0.7466531877162406,0.36963423374405435,3.616577958350944,0.07184723248954837
0.8194706793995392,0.20504964255192337,0.6197762975411282,0.6874714400422226,0.8938585898974151,0.8909194136427137,0.024667434239414896,0.3841028491983819,0.32681347172800923,0.692391111446818,0.28437836980861936,0.07534418332028561,0.23400967944863807,0.9545992958080536,0.1757548846552768,0.39683453776186295,0.35047988532299823,0.061094173812784223,0.3191850696566635,0.3548031787740144,0.41069439110940664,0.7250278517321946,0.32568424157973247,0.15456271112457354,0.9688952670180639,0.437294391843403,0.8202490050366101,-0.07827488974941331,0.6543736992291935,0.3301265464529256,3.521571916586896,0.0604979637483798
0.9661286676923114,0.10739101604958384,0.5753081882371118,0.9753557854759078,0.9199000063194243,0.02371510439074019,-0.015236152282309547,0.11199171203973193,0.7474012470830047,0.685920645373229,0.5609774943817354,0.8519442237165651,0.1548367032638129,0.27751765126179895,1.052890089549637,0.5857783909398772,0.6563598492930469,0.7748570476486845,0.46685526692483165,0.8142036070145302,0.08186102744632359,0.18014149890297532,0.08560476023984293,0.2036918059869094,0.9321878859564221,0.11241977239643412,0.5049892095422654,0.6433786306857491,0.8406845947685624,0.028484048997012512,3.6748752166639433,0.0499414314982187
0.35638359545004206,0.9279997046356896,0.6178600167815111,0.8355105164243878,0.4464352734978997,0.7862445678458643,0.8991065234187258,0.12525069440829248,0.8710275465395281,0.42218721948859994,0.8530914221882842,0.6991460681032798,0.9779871264971162,0.9820517895156377,0.5253018290929513,0.5528062598227567,0.18758936879782823,0.17662489516871432,0.06053518905786448,0.16370777564492514,0.24679062017338504,0.822598150637496,0.7934550734791694,0.6049436683331113,0.9120490001651919,0.29066541683016334,0.47931786512551106,0.9071296198148147,0.5009466131185281,0.7807366456792006,3.652549057439871,-0.05587471130205194
0.5646429846532565,0.7700010106940034,0.5530697333010832,0.6414765120925106,0.9515155300252037,0.7985699578541184,0.688472148275614,0.8977850428346131,0.6336484515318274,0.18578779944018842,0.7261674831697498,0.7157563124352427,0.9371917021711155,0.2310998993013979,0.5240864156269873,-0.0703026211473276,0.7293792783714859,-0.03848473503748548,0.7944971259191669,1.1855305469827113,0.30277857283989923,0.6012746270683043,0.49308305706430056,0.5642777168474744,0.5236293097188801,0.3143471507476876,0.08310805025618195,0.6432423705939817,0.8455564451325759,0.31785418730898285,3.2045591937323525,-0.11887525498775763
0.886497323655182,0.7310609641496755,0.6207937369613296,0.6582405880197806,0.9230868999749025,0.12521093245115747,0.6799172120913763,0.9231316285598268,0.6115388715858543,0.15747783595531278,0.07229288373285006,0.17200094073848676,0.17151070037499133,0.46774119549283544,0.5610244425436222,0.8334295431279602,-0.05813414234973263,0.37505830648845595,0.815846628638655,0.7580540004904909,0.4470709153478616,0.9757612081257857,0.7440204333900066,0.03649856212353268,0.02674293390432804,0.7230700860395797,0.3715236434526842,0.8229787896716488,0.10495129542141252,0.3940337527834661,3.367473661448039,-0.025838982640540162
0.3479752764377647,0.7350280954391507,0.3598843009512935,-0.12937413061393654,-0.025029378111044914,0.33798745025241134,0.39252998653160287,0.5660038353664543,0.38535241329207315,0.1883307711798612,-0.10122116657413692,0.6384316397686616,0.8871431435684003,0.4487430062771536,0.46027994945079914,0.2804993908018511,0.4976758372832027,0.04456506169607478,0.39440491190695226,0.5377864286737748,0.2789015051956819,0.830609449059448,0.4510065123717429,0.10609196822835124,0.39681644178581343,0.6761002358873811,0.41882510526246375,0.4691040611980286,0.7471894857838621,0.14871110932353931,2.7783420209595087,0.18263513869202702
0.5017218454809663,0.05356750303130885,0.5369095076027356,0.8059215210328186,0.2820263929626623,1.0774341415522914,0.05376519407720873,0.1386288586258151,0.040246146629712154,0.20615127505701106,0.7978541448893913,0.6840973877910839,0.7179287570654356,0.49616154056061745,0.3258760291887509,0.87758595991585,0.6681657839322921,0.6196097115156076,0.6354437781509357,0.17413794309284691,0.776519837475053,0.9094717657643159,0.16677870998252806,-0.033996538846492785,0.4214504686790552,0.21968884571530523,0.07086013153098697,0.6068532187998035,0.7696822743681812,0.863261031992543,3.759500576597274,0.07206845048799304
0.7871890482757822,0.7490472711876532,0.46775541615862987,0.09547406677754765,0.5814957162960396,0.20642027392524964,0.4702993335775642,0.465751359122244,-0.04727957450904313,1.0033571134387451,0.2702657209733708,0.6282957180922885,0.2270182521546717,0.7270291827908147,0.715834887213153,0.8758302115891804,0.1139536534423624,0.477934657908195,0.9098526266323248,0.6997276649850488,0.600934052267097,0.43861993323494786,0.9176837330576691,0.10624308918002817,0.6616700830453633,0.6993738930934336,0.4178718421588919,0.19781768307182646,0.8039636071241526,0.19540590324784324,3.1216509623497006,-0.03526951438226464
0.895096622231574,0.9981932869075362,0.5302935859101076,0.5760076320674683,0.38301617255300036,0.5834776838927616,0.15832990796706176,0.9341506931030296,0.9796322653486236,0.28860316227277566,0.38483359677630075,0.45793256935172,0.01935302271518663,0.10985362775849314,0.6428580616555537,0.19637554643156463,0.9584559114388717,0.009265529906669512,1.315971541995765,0.20416089483625594,0.6721438340554808,0.4485301687745946,0.7508843797936412,0.5952980229281555,0.5718734229601927,0.3680731901079017,0.6742380622485106,0.5202781255341792,0.5170259839744592,0.35601272634158687,3.5925650283147696,-0.04208591974923235
0.48717560071120986,-0.0020798648716294083,0.192171906055002,0.5469547186173629,0.18475084232114045,0.7400512729174521,0.17617522232980576,0.8366477915211102,0.6375908200246088,0.5499097816119449,0.6682820332888592,0.21931374771562284,0.41547457709429025,0.08392897737914387,0.2985314534351396,0.3889330216433486,0.537754493473769,0.8425671033048967,0.39271559464813344,0.8873158115334749,0.8160095053450158,0.5919687990133046,0.4332866333991878,0.8112704163497831,0.3169258375057624,0.817158908141085,0.2747284871595354,0.09824634604871274,0.7186386974503152,0.7134382627192589,3.3332644361955084,-0.006017479493942458
0.6752874480275317,0.649240808083335,0.7929260195177921,0.740928715271566,0.9218715186343789,0.16981149663499054,0.4250556659292113,0.5344246978227624,-0.028947652164516044,0.6880306251576853,-0.10621949359645606,0.17660523183073168,0.9515242144846858,0.06679672300625494,0.08823018942941471,0.8520990676136425,-0.11759254297840205,0.4040380846737296,0.5977366658068125,0.1384368481809911,0.6891923499759134,0.10380030586785077,0.9679551525265384,0.8216978066254648,0.5213742405108847,1.0083583306715216,0.05826440077562625,0.8571397217962761,0.6156442304402474,0.22816220838521012,4.076235185283575,0.11095022145661296
0.6572429280572832,0.6712244327943719,0.08626039741486075,0.28497942130333553,0.6761352401908617,0.6143690859295936,0.8820847463646816,0.3440733156970761,0.00903942269450474,0.6203469773829169,0.9392329556010837,0.8136534062192479,0.38361537572911636,0.5122561214021173,0.4874352697217851,0.4593833449936397,0.9595957011407006,0.863065045798462,0.8148548924241237,0.05219825399495269,0.680431303881097,0.912370758157694,0.009273999547211531,0.6437660162202699,0.24757001281429294,0.7385238308072677,0.76820418808004,0.22071181537135265,0.029960955739249645,0.2935127736836004,3.688964901005558,-0.03945761829235379
0.8951849015225662,0.7642520364666131,1.0516091859598191,0.3853751955931719,0.36529354880024933,0.09189142680054298,0.9473430616605414,0.2461729132712634,0.7993059670059177,0.799272696628679,0.2762159543412001,1.0628258375861408,0.5743218784813309,0.8960297341031418,0.134825173598561,0.9040934039428131,0.467958385925316,0.5791033936741092,0.35591972290689533,0.17053183976293662,0.6130271240375496,0.8121484783722154,0.7259119729260265,0.993526442360899,-0.03797674184760337,0.428701641582613,0.26748350306322616,1.0399828556957067,0.2709439649722105,0.4691910228570396,3.5112094440242716,0.024624374242120613
0.09455472925114006,0.022647395332196743,0.4529935789887626,0.3302545009114529,0.4626930446197396,1.0421512152916008,0.4918697064969963,0.47324258222081295,0.3919053073501823,0.7128004765578273,0.7400572517217884,0.2327483904351179,0.07931295226191819,0.7824268353607492,0.8100446853212235,0.08189313389286745,0.11215730681361369,0.7898459639221074,0.3988454672228027,0.5810651185273523,0.09293811279660931,0.8286029706507403,0.44813272699162454,0.22182205010203712,0.806256098775822,0.6171500906313035,0.828956254591055,0.4086281691270375,0.6585000157090088,0.35652488459859316,3.0349883231811363,0.03908317462643404
1.0150803126215648,0.9597625072761813,0.6814658782863177,0.1328064130892777,0.8679477581099162,0.18184046493607453,0.6652884291544944,0.2299772100676108,0.5132843400700525,0.5501469380176591,0.11054867937828332,0.564785141120032,0.07739398201612813,0.39891430063909844,0.0625796645730587,0.08392525007318447,0.5747601634246642,0.044590073030157745,0.7900603369347672,0.4734592106304242,0.20326898613492936,0.40334330732991136,0.2950382081201033,0.6347013482900401,0.5913248725942288,0.44940523182495434,1.0265734578004573,0.06217299207420819,0.22610475392520574,0.4726571213573801,3.290772129756094,-0.014587333915734968
0.2943261562661438,-0.03225381139080061,0.9125530968005257,0.3230849818941376,0.025294402267826407,0.32157780818040355,0.7943681398198122,0.36271847909796295,0.43859892810922496,0.5310268162683173,0.3958033426133296,0.54017241612948,0.480326447288095,0.5245861220614281,0.5630011701174467,-0.16866579574014376,0.2722589671113274,0.04600481929249395,0.3063032921731734,0.7066765904777402,0.455076215607727,0.6489534012466778,0.06575133266789909,0.5598885650407929,0.10406354808163443,0.5949726172977436,0.3092726859741446,0.20392806525439788,0.4115254210770051,0.8882677642985733,3.1326452761626653,-0.04346212806010593
0.46215344539655423,-0.1134550943264348,0.06139032783212132,0.9024683368395443,0.45784477978777366,0.24210745479461435,0.5970480955811616,0.11325271027807106,-0.12162472272463742,0.14996008195330413,0.840569520594479,0.46800525465586884,-0.16416831741493346,0.14676373110247992,0.48184630441922,0.833132403535596,0.09301407948802262,0.49505405168775335,1.055426452113529,0.9603030290788649,0.6287983953930919,0.4767408103366248,0.3005911843191255,0.46575112843038313,1.1414194491275236,0.744507789908483,0.7434374058393136,0.907837139192872,0.47767570508300283,0.29138591697658583,3.897550557702771,-0.06831813556851689
0.2612543285594196,0.35600820773455816,0.03117873875508273,0.8786907475240369,0.4083375320439141,0.4424263087925117,0.2555800802509259,0.5844159132272021,0.2502928954462994,0.18381981015394028,0.43028218812849145,1.031934279737359,0.9646951618808708,0.5785374347761197,0.3806139377823983,0.447838978247795,1.1302687731749972,0.7812935295086383,0.7499543532268228,0.31461061648846095,0.619308075100137,0.47368716058658306,0.8705768879724337,0.6616500028981737,0.3111410325638627,0.7970972516052479,0.977372524878567,0.5251605868063369,0.7773667590030239,0.31351608604524517,3.0601929317900045,0.05175513570293871
0.33641194829573523,0.856317305790156,0.3146597296284367,0.017040856627234167,0.6807947717125267,0.017334806047512683,1.0332002195016057,0.4477919999570379,0.19651071153551108,0.2615413783963809,0.22195579951690933,0.6356872906208004,0.18023969573689916,0.49828709404120974,0.7340392817446824,0.5410120552270907,0.26484177165718664,0.17343962867474585,0.6884995701767207,0.15936330918399785,0.9309972651531219,0.04080998263195983,0.8787593101463397,0.29998305129338476,0.06201258969577966,0.5424835575184895,0.5284473424087099,0.8549785998280542,0.3685036848915861,0.11163823773214876,3.5059495420715163,-0.14249946364962365
0.24159622443966727,0.09267193087545383,0.17116536673378507,0.9600546237613757,1.0355727432543675,0.7537114271534644,0.09967171651521076,0.46181150335943205,0.29558716234847043,0.6710773434577664,0.6790460946178304,0.4579836204416403,0.8001471749503246,0.6722284492122961,0.18164682752279124,1.067056056946393,0.6706004514901862,0.27992984127228615,0.4157985117089439,0.8877879369786802,0.9576576711476705,0.2271705791059262,0.1521840744127521,0.27503427464853675,0.11526681127568633,0.08983002342314178,0.7193359318131678,0.8742324032777185,-0.029479814551279793,0.8799398404911589,3.702049981883355,0.13457194692014693
0.8079310578927188,0.4354882292444376,0.3532633792494435,0.8127485114604582,0.6213963075947251,0.9413711029378969,0.39170605002838826,0.17396718525759255,0.7177353001178124,0.6791426849960678,0.37583492018169645,0.5920010625311782,0.31651157385151496,0.2821261729185528,0.6486185828861009,0.21009947802120027,0.1862020297552146,0.4153699235757892,0.5727702177106759,0.07200086796764371,0.49075826366902064,-0.042328424724740764,0.6850042871237695,0.38118807991340076,0.8804283225824354,0.05097031120719123,0.5633752547153384,0.24745098832715876,0.6621703492092867,0.5493175057582405,2.7878021717595076,-0.0037365889462754346
-0.015631396418518267,0.7623096733403909,0.6324215799362158,-0.058075614676845015,0.06235849832004818,0.7166064562366095,0.12396162936545801,0.35999192888953624,-0.02722936536431808,0.1589244850971992,0.5069526854246533,0.3081574606397869,0.6119621427716267,0.3752754762279422,1.0972045911402222,0.5903429207470261,0.5202597141916407,1.1327996844943318,0.6261632987589713,0.37379999248863804,0.1926559374704243,0.11876709233143098,0.5409902360086093,0.8122984604604376,0.6471831365016496,0.5645665420290858,0.18692141137388865,0.4476854753698395,0.15496083784989678,0.548970374941416,3.524862093345906,0.005836509866343498
0.7564582942446986,0.6524423690643083,0.24245754534717057,0.6249233414530264,0.38708634067990577,0.8207597775247102,0.007692055429577335,-0.005463839291650823,0.6631144083194805,0.2045709680344161,0.5549577999653267,0.7450798627484961,0.43258969337945447,-0.006298449354127836,0.8872591712115107,0.5580803183269606,0.09996559345045536,0.38638888412031236,0.06633516165462239,0.39780560692884487,0.5126022908715657,0.23001000520524578,0.47831145287767984,0.31705062707886195,0.08401134180014919,0.3311535747425929,0.21285803973032616,0.41889600888773226,0.169337576147373,0.880284913825223,3.4087966498092936,-0.0610749018053569
1.1592542754312807,0.6023840768112969,0.19828790909558466,0.33156041532515396,0.49173761467584687,0.15544115470545264,0.9177128443082152,0.9499444091998807,0.91980740136198,0.8668163132736263,0.22839330373838315,0.8317661867361476,0.34503728762848634,0.056621754130780126,0.4224535057966387,0.4712110332134619,0.5768476955551729,0.4109085624773504,0.21990716521595632,0.5838336454643965,0.22455802051011642,0.761037152850391,0.5811015877021963,0.5105870356447881,0.9943171003660403,0.09239569863575495,-0.14176287894082554,0.21430727894351342,0.9173706034436647,0.34577295550663845,2.884940484565876,1.7197124707320819
1.1176926426553033,0.1904345215141222,0.4659339117991488,0.7893062201670655,0.5265457567094236,0.04117768505234837,0.0838685078380226,0.5685544477134152,0.1622256673845939,0.6944085878247187,0.8671837616421875,0.9226687849562055,0.20011927792099748,0.23805640476993134,0.376096807110768,0.31938854412964707,0.7097892195534062,0.9581560955301106,0.03364096293322458,0.5916308156617346,0.05009663822194598,0.25453262590016545,0.7402894553702382,0.8129700588661002,0.343039660414146,0.1117940684989388,0.46472370374256344,0.011241889881788099,0.9704979365363695,0.3715915686948974,4.483309828246447,0.009188482797613473
0.4245738359025255,0.8861464782371733,0.2603106798708522,0.7446638541907636,0.09024116635314645,0.6867066530638744,0.3386410831975323,0.7657673223680279,0.08438366769462671,0.49058479681939154,0.6715824115174776,0.3584220649639559,0.7779664803651084,0.15233998301836885,0.9310239833088846,0.6012077831902171,0.1987596248347299,0.0943497664962809,0.2504132434375317,0.5310938992673723,0.3750226288608871,0.786544844469062,0.8595609675775738,0.5260730154779114,1.046023921940361,0.8729723444042119,0.7427724021135025,0.16964529906025655,0.3924365272685614,0.07376370111069791,3.388320402515024,-0.029922856694166423
0.8196870296940281,0.37723778056122226,0.7490031693062562,0.3952408299929154,-0.060972150201437245,-0.07111383196733491,0.3815522027160221,0.31585304356324906,0.7918372013636495,0.7920222827726398,0.1400167333884462,0.19682182683494254,0.6798523738653924,0.9878243041104424,1.0226977969498043,0.15831230379770506,0.7177842210630921,0.9277349626781617,0.37750013330846693,0.2524031608195383,0.759715838277738,0.058942690953925264,0.6936864702317412,0.3994941679563667,0.06967947536489277,0.7539696633959966,-0.10474703378471602,0.4795794782694477,0.5040470972209886,0.26748142597967717,3.476037733719225,0.04172919511534534
0.04826539876366068,0.7782946303866926,0.8392726800176489,0.47124483705002185,0.32370070577723253,0.8255198018437416,0.33090435660301243,0.822436993017889,0.4583819468853564,0.20269661162718683,0.8926288189535183,0.6682782896542339,0.705140519153466,0.48707561899483487,0.6687501907424411,0.30125668833461317,0.7098075402373754,0.8224760242391209,0.5447404720946792,0.43238029525787214,0.957333142367834,0.3581581188007386,0.41819693575483674,0.5740763444672615,0.6764723839551721,0.9555280844049049,0.09200928918405446,0.7107291871020938,0.6390490057166636,0.8355529604413027,3.0514892022271107,0.03290824377176733
0.8195555131251909,0.30963093655088064,0.3463717413682823,0.2912341242891157,-0.07616271934102398,0.09667482486331744,0.6404664876408352,0.12996986977003702,0.4550555345960057,0.4184629845081447,-0.09584303084194429,0.35379558840723024,0.7169889883347046,0.49455842900730396,0.21594171237372994,0.7898558615511648,0.31750809118829426,0.22378372195004387,0.1736833678802833,0.35705073380871855,0.5838315852010225,0.6056563129052701,0.3069817276310719,0.3456889408465333,0.501311117565563,0.9184165752225191,0.47346949937256744,0.8739331355577954,0.5186491569060869,-0.013272336639027448,3.0489031364185832,0.06688230982623512
0.9953526537195632,0.5241083696848712,0.3035191677984615,0.7086234320883853,0.5426445868657376,0.15093639703022838,0.628537078042064,0.42980363507028724,0.6961203662489064,0.8438972977801922,0.43625197054801157,0.16048342070845145,1.0628070529081826,0.8312548639485248,0.39359808455307255,0.8961292774384094,-0.19223160936933542,0.38210264393502175,0.6281783007244939,1.0353401873768955,0.0903624429035398,0.5252246850395179,0.5440251126673658,0.1832446796832197,0.24801276538433933,0.7736717116530928,0.45191746607545946,0.39612321351955226,0.07168494098399059,0.5559066491854459,3.1268914796573277,-0.22067769198868797
0.08983875223319632,0.8148567327878808,1.076957711795095,0.9420023300323374,0.13390759928707263,0.7978664483209192,0.16693291066849136,0.4784030905643158,0.7796375731772976,0.5110191219922315,0.22932847377664997,0.6909699590605032,0.9016440413144641,0.7264925860780087,0.26617726633911987,0.5337686452333922,1.056307934866931,0.713893866724332,0.5861952343389805,-0.057620089362796514,1.0484902160681437,0.47451656930738756,0.2795646172089511,0.6939110356736777,0.419492251991154,0.8335853653155506,0.8012920078024575,0.17145876199937377,0.6514021478427681,0.7142768096303111,3.2938949298126743,-0.03177634374108084
0.42265033146097103,0.407661516567566,-0.031975575645121324,0.5051749157722452,0.9196112629487619,0.4342689824713211,0.10080067123536672,0.3314828729136981,0.6700122547303571,0.5520719872007062,0.11081911338270191,0.11060005204797324,0.4681079652049361,0.2487871721414855,0.9243260689210944,0.4327769949731951,0.3240197647290828,0.5441682400675879,0.20441102728574606,0.29431486737479867,0.2739856347720988,0.33687494492020775,0.5415683481969729,0.6582898479271002,0.13344668142071114,0.11610303993558328,1.1403539062534058,0.15383528031101673,0.42298378972791184,0.6521412323453653,2.8306155795892236,0.08974480433194137
0.11287647413678592,0.6635859598829605,0.3907238572962791,0.7392391804106686,0.4574516873440726,0.3848912607670064,-0.030950878325018555,0.8347490282561668,0.08258669812471561,0.9803434145488032,0.3725950206648951,0.31601502538434273,-0.07683044089251766,0.14131016354864917,0.6099033715059258,0.10923518307699717,0.33330364470811047,-0.002663527562882951,0.7529340808105148,0.9334275415949619,1.0281058617027248,0.229605340756646,0.4187634222902833,0.34383140763505876,0.6685334905098829,0.3328302081854023,0.582070834485609,0.39890065355171,1.1507039490404294,0.2141622354294319,3.9612117130383098,0.06667482222370912
0.8520544131582265,0.6956954391671032,0.8230844967107519,0.37910802102061825,0.21782218049092394,0.18665919281480617,0.22870617344679586,0.6503237261683368,0.8305347518914978,0.26159543841360416,0.13747955419619134,0.22059237219963684,0.1332859990627696,0.3803758946128465,0.24597124409798435,0.5992666104576909,0.20008130477125796,0.7594058344216558,0.2565172780147684,0.8065417364836193,0.4189918532438734,0.16671293118089967,0.2645986367413297,0.1422325847364973,0.5239405821490073,0.13465237886123183,0.14356019953317734,0.8557049059304003,0.1916830916906783,0.18390997767176678,2.913507641029648,-0.08528000660172957
0.24078157014450308,-0.05204819696972375,0.6390787889467403,0.2782076497797959,0.7027403099823056,1.1401586574036937,0.5437042825486599,0.42641160974863496,-0.06905547915651722,0.14649377389546517,0.6728123340230601,0.263560860436887,0.30784954098778283,0.11777595060470784,0.7291980235763745,0.6940284186269667,0.8646144059174183,0.591300496092287,0.8517424989834937,0.4829058390228175,0.8788953293611449,0.3853297299932755,0.5155103954232239,0.8112602833928118,0.031243675660094256,0.36421468038005284,0.6408732812932072,0.911138386482375,0.9567733428335351,0.6668665734169048,2.799157792046659,-0.07768695836397643
0.8526434334123519,0.4562275841014496,0.7854001485120288,0.5187814636219114,0.36123399990609306,0.3647163368898899,0.3981575371054258,0.629476248325661,0.32057924540943666,0.06313655064287119,-0.1378169794205285,0.9017650985814611,0.8049627749706612,0.29138586921247656,0.716138272199718,0.6565290824696604,0.9969707295744553,0.8771197510044877,0.8611187694738983,0.897729769459174,0.8073340153533698,0.8388758412929918,-0.04694999883991874,0.26089871951315136,0.8433001586678784,0.255464725219127,-0.0005636169859863649,0.4788945858753867,0.28218974213622394,0.16823878913744972,3.388075000160176,-0.10739345831763127
0.2946400758876953,1.1555868325586833,0.717560621652836,0.42395455428847295,0.1714338437133731,0.8137126348174576,0.8588456124730909,0.08228093290035668,0.8068929628576524,0.8417818307046501,0.27558303320919464,0.858623432452116,1.0756503619912232,0.7323678276073333,0.6077466390219575,0.4365841572260496,0.6610359131075545,0.1391846634100024,0.664752054003181,0.5778063036604527,1.1008244395913034,0.9341915166684551,0.009726117314532462,0.7341276556580074,0.6683230170499787,0.1091317262906702,0.5455263133829618,0.6124988113099482,0.6661223789195915,0.3167613559427861,3.7189718338064126,-0.07009158661451334
0.09919593850611877,0.3542677197661189,0.3369575263075367,0.5297129564662808,-0.014230191885761773,0.7181923500081798,0.058590478933005875,0.6643615338214993,0.6665920299023561,0.06761330341678486,0.5319136347712423,0.8372904427747807,0.11526154558844093,0.2861739499619137,0.11162442210262648,0.8037029633884203,0.4967708300955199,0.9347839002607436,0.3852521096587067,0.43584709666418237,0.5831784285673439,0.8513959947980895,0.2791570760130993,0.4493376439643114,0.10905559965578475,0.7700728163286331,0.07641474784912025,0.9238896839990665,0.6510438404494076,0.7861922851037252,3.3720401145816723,0.12279675510411103
0.5223929215504192,0.4272359323463554,0.37659513437862685,0.7136035472760188,0.6110871551113143,0.29720913952618694,0.6362317584895951,0.16056599979745767,0.6362959684263062,0.08399799572827935,0.6753874653169776,0.8032486148159258,-0.011598391897650984,0.18786013259155238,0.430744661169935,0.29826828639224195,0.2303321387117119,0.8791645169861827,0.1630182186704439,0.432995639283842,0.8454028014263826,0.20008266818019277,0.13008559723588872,0.918089083788897,0.2191781825976157,0.179680162132817,0.9685478675637164,0.04222428111675422,0.28316211317787243,-0.14668747619367317,3.4509558998022314,-0.11970003384804624
0.8623538519101107,0.8407423553190986,1.021166422493955,0.9074758422150634,0.8829621853996164,0.7974700360848358,0.565775974730143,0.7075296942714846,0.4386900325292962,0.20043414590534775,0.5073246364493798,0.29025984341707994,0.8775063419501266,0.06180562221765828,0.8153200995746168,0.5114166869404203,0.7918006876912801,0.21424145348081813,0.73512591877196,0.3526800767864263,0.4654008606697039,0.33064625234311495,0.5879302726112553,0.40746456728424396,0.9463949562369588,0.806107336961966,0.29235915303765236,0.2026340022417675,0.6215104699184113,1.0108862414415882,3.446567632161991,-0.08993511809217244
0.23727208439136913,0.43986491569081854,0.2648786411770854,0.7456353489725809,0.7869854365568666,0.9632946024632549,0.32594095374401055,0.622055034766785,0.07538733762047733,0.8312687300859802,0.7466797684603044,0.250652125527846,0.598877026802408,0.033115947679973806,0.2808272106232084,1.0844124180426946,0.03911476122425625,0.4021224402877914,0.008260594917525368,0.6252992533275654,0.7013765813788064,0.7750983102191602,0.8232014498630569,0.4698121461408265,0.37519713309413244,0.9470381536746686,-0.034330211608332176,0.07824807085596584,0.7796292793887354,0.2652198524169752,3.725915403768259,-0.023078461791089872
0.6657878412508792,0.600806631856787,0.950566383874702,0.557742853121391,0.07657974593033691,0.4103951783945148,0.7924581273544776,1.039706463051623,0.045729266839770494,0.3121931434633241,0.8385765376986725,0.2201857985531519,0.5119198044524976,0.07683096272210113,0.30939311942331427,0.6882990973923461,0.09604209313226933,0.7527068352872758,0.10605003185657222,0.44280137104546813,0.9858371389652443,0.8609219575861394,0.1172797637056718,0.5348019275144906,0.30226321694724323,0.13582383625486016,0.6479393800251559,0.08002052849671411,0.7688753136210448,0.22370941802191638,3.5513386635844575,0.03934995236514458
0.4780192423451459,0.2521365375626075,0.7682425724323643,0.49603271666000454,0.10064005670158736,0.22415257102980074,-0.005517682526977097,0.47290367599433464,0.04360183028315413,0.6602863783588354,0.34223255058412283,0.37605894066113854,0.39344577632899796,0.8719310291241957,0.5697213740267894,0.8194847156047493,0.7969143170690378,0.07701601810074873,0.2883114169614583,0.5275065728430597,0.03138123778840903,0.6437844266096948,0.28567987043783066,0.6260895693949282,0.9201099609138899,-0.13384888432203107,0.4658843330817054,0.1813451301106242,0.959905966334849,0.3640207501154883,3.587625283098634,0.004280664971822708
0.9156735273184919,0.786418415520794,0.4008493252330382,0.24394840205078572,0.6198598091289955,0.3891700154258039,0.3409117074041671,0.8926446716594982,0.43593033747905346,0.5446361994059123,0.21559334580217318,0.22464935505601819,0.8057557143811517,0.9099643369968103,-0.078612049906023,0.4749894619338022,0.6054575267867269,0.37287886448575736,0.7421390059506273,0.07940493722395214,0.6669842681407514,0.3949253633642993,0.887244534125884,0.7605925832469163,0.8892458284350412,0.4280011950680442,0.6887805078412189,0.029901235578295285,0.20613244874792927,0.7707105260271963,3.3481648379056796,0.08040256573070247
0.5429512496799627,0.05717359822071097,0.4210654362757943,0.9157953726768745,0.8791730370373068,0.7071518396307284,0.21166457329163918,0.7638790928547438,0.3084696021027,0.37161573755912003,0.5933143280470827,0.38073711715727854,0.8853548086256641,0.20696289612163346,0.3827736517339311,0.09088420794597012,-0.08249908594551918,0.4754548769095885,0.3800728467682897,0.9451727011686565,0.6265408117913105,0.5171107503941114,0.40050566428434786,0.8906690197143323,0.4065075671585217,0.049792207131845956,0.6501303092859504,0.8012131469673892,0.3529335715800121,0.2791428237218027,2.858520305628064,-0.014811207631862914
0.19277937351174915,0.3620116990881945,0.47463502835224713,0.5331631230330325,0.6540377271993988,0.9554993559647831,0.6928228660353575,0.7252833906891254,0.9893553859603585,0.41988035783420574,0.544780442910696,0.5932822763225382,-0.018434704264691633,0.13493020040026665,0.687190992488913,0.9586646766855534,0.19846238572617952,0.24198852009962446,0.2598252720840214,0.5147076806755939,0.48309128748736785,0.8089851067576299,-0.06027031886420106,0.1947995420685919,0.3992390766881189,0.4166118514160707,0.7555047783351803,0.9208120189780711,0.289838830783357,0.001311710359739801,3.1352100304222312,-0.060354669603767175
0.4572808340300435,0.3157837246694381,0.34158629930353973,0.25613128436674426,0.433921861643934,0.8644446741799378,0.16293364462088353,1.075634089471618,0.9121361890423931,0.8415576365746378,0.3897914282139019,0.9906373416702696,0.07429491655794382,0.1423391980204397,0.7887220325136348,0.8675675036081802,0.5008322652877368,0.5631939132988792,0.578714140141326,0.6525129543341182,0.36358154640974044,0.3623056932528801,0.4117289885268991,0.34045122839219355,0.8478774776872777,0.82645095677781,0.646514670429273,0.6397759517864133,0.3217149745747245,0.18962662035183472,3.4674015236042024,0.06746581641875346
0.634969974785855,0.8699221027002668,0.20051608650908964,0.390913551026979,0.2336993618001663,0.03634251309888448,0.35382124811529997,0.9548832085271367,0.7494759870805757,0.8134821239457889,0.3048722831593291,0.9378772861036389,0.3831533042730544,0.3946528456775368,0.8416800351610576,0.7275749335489112,0.020936609271485218,0.5455854591523358,0.8498416018113696,0.8830331271980072,0.08764488830090575,0.46024696904090834,-0.06398693867125309,0.8316663804072968,0.7244951345091435,0.49943416350884,0.5312166731587019,0.5762110721005592,0.46676068033956775,0.8083642950172536,3.475239422357358,-0.028523477913934572
0.042079007745162385,0.5480902568964536,0.8236176105686667,0.7957770445099335,0.6695456293001226,0.8748871810158523,0.6245096115928457,-0.012351259840655451,0.15936518581964895,0.8535715397207218,0.7902030166128269,0.7881990516578385,0.3733549019131352,0.5351678008468361,0.43960852950928125,0.11980149241505282,0.24300598755895636,0.8829649176009283,0.8672753564936997,0.008361187726498522,0.7858112133798562,0.8105798048420623,0.648439387214827,0.6060033519938255,0.8002149030445208,0.028523440086519053,1.0274385273970978,0.5518160364881763,0.7905719615904852,0.25173464938487566,3.2570981224246864,-0.06453037815395261
0.6609118446158454,0.2445161441019852,0.4365103227820933,0.7060108379978658,0.33627070302612044,0.4476797643747615,0.49546881921193,0.5730851285482412,0.6613815524800132,0.09098354511757194,0.46779941541682907,1.0443630541828965,0.1735576748467323,0.577779801126714,0.6057516326373779,0.25763561070668073,0.37053949283323007,0.0997641172088232,0.3181640412563207,0.011968591836071438,0.9512315144947204,-0.07787245607383594,0.21552415255384533,0.7019247570917811,0.17974621525532009,0.5948343278086894,0.5570471900000722,0.5126302020527316,0.11857932874149194,0.06370026510500891,3.6035147330604214,0.06196780283813892
0.17285358981821453,1.006992675834841,0.2204019769520102,0.5725113114019154,0.4363341779174074,0.09796149118078037,0.10628658170890949,0.5937150975854661,0.46789629840204616,0.8450640165828553,0.7744888424964653,0.7884086966132132,1.1120400311478378,0.6357419948479996,0.5433215614301474,0.4270342997901526,0.3554115908360059,0.8226093111025122,0.3122898712467045,0.9949879136932592,0.96718700219555,0.3404296640753113,0.28122242543890247,0.5972887146263907,0.7417728050217889,0.5190261821252019,0.7458742221615975,0.49212150106217023,-0.01206360702044254,0.43002576494477873,3.1595805346920085,0.19052897202826902
0.4781502624494273,1.037791729588514,0.7134719815710385,1.1668774980931786,0.105340452315221,0.8305560227512032,0.9092299521673305,0.17346337817872978,0.9320578139401914,-0.08049461887921319,0.4537717418632761,0.19648844556980316,0.086912025949613,0.8244987471914735,0.44197797573326936,0.7213479230820155,0.09000288160618136,0.2507519881346094,0.18913691469220573,0.7757625040359171,0.17991970406409935,0.4120111480474103,0.2497147812019374,0.6874791748257125,0.29694180733528264,0.8333215287207072,0.8116838663102742,0.2250251817853618,0.48869198564516403,0.5003727611009687,4.255265385093061,-0.06940557027206146
0.7789752686656068,0.7809672679030321,1.0158940577090563,0.6682641349093442,0.38153408704868363,0.7771270856152723,0.6379444600718264,0.3444403546515248,0.7020460328640586,0.0900504594977124,0.06402441372521808,0.7734151250902462,0.2930794044788148,0.05254229744883031,0.299506923279336,0.21572101821290735,0.7526661154614853,0.6380841900669467,0.6928769367372255,0.34086508343782423,0.3533727498877045,0.6145922739921441,0.4116116326430256,0.0951614098558374,0.9391351426444822,0.27678968492370787,0.26008742514816163,0.5196815511473564,0.7481722286742539,0.009293875067345525,3.215282631230486,0.020530950706072484
0.9178773540803514,0.5081765109208789,0.10261762981462463,0.5316730952297418,1.0273181552224517,0.5233315599551511,-0.054100734168139014,0.8165245333882273,0.10341609374411966,0.21540958679566785,0.6775574298814317,0.6679596930894737,0.7444818613483585,0.6807959740480938,0.86029226241143,0.4445484150651518,0.9083006952521536,0.9611666293784636,0.7746936879829105,0.4796751120447096,0.7039770829339513,0.8015826505158851,0.8044940144504344,0.42124089650044483,0.629562387913193,0.8562473409400675,0.8593596889777916,0.8885492202103417,0.07947250925017874,0.4181719904850554,3.6099693800541437,-0.08123681938532316
0.0854421653414308,0.2845023231111528,0.9658072766191801,0.5619186345816771,0.4968536689058374,0.5418235328564518,0.749029632921901,0.13911684838279859,0.5888513997549505,0.4162258004783035,0.44435421007669235,0.08647739847417191,0.5863984143279255,0.48899263023753203,0.3247380272491911,0.647453626740032,0.6811154269253206,0.5466625147065864,0.5744317846950665,0.9827613824009508,0.15752774952875218,0.6896926971940546,0.5152666177314484,0.023379945253341097,0.11032948543158327,0.6011124339715419,0.5780776914201998,0.8536409208183877,0.7473403502157445,0.06805134469634014,3.2486576230298927,0.057170182638025105
0.0924233966252064,0.5140291522475385,0.09031668924201858,0.7560769182698008,0.8761194054610484,-0.009224142446013862,0.6410721826519151,0.799720298985041,0.6021989441247872,0.3451314169046836,0.6219003459581905,0.0691980466831657,0.25285096434116844,0.7404465486501957,0.8540507478199417,0.9587692449749685,0.8664199429392688,0.565158262725458,0.16187896847238392,0.518374037091375,0.7364863806829576,0.4377118435790149,0.9483061979542842,0.4876972945534972,0.42201354303015004,0.9072942994079778,0.6488013155911976,0.5032815025166665,0.3983378570076397,0.18169242788144793,3.3894122535179805,-0.0821794238218489
0.6453372212994308,0.4218678698656516,0.522138033314697,0.16944845577710504,0.881550828368272,0.9970930020248456,0.6728462557204503,0.9675551874666588,0.877981631700631,0.039003582894465004,0.9027368790050192,0.09755187829672989,0.38431552874943714,0.11751030948206723,0.7819010109500525,0.3187541068229677,0.9036342117169489,0.019994577067709567,0.1851018720076623,0.7616475295916938,0.9435189652697935,1.0732028796972104,0.5364432738070629,0.34156031721567076,0.7661130604719801,0.3020287121799302,0.44921733054991886,0.6365371690601773,0.5432845094838161,0.3775666042490219,3.3210272007613946,0.020251558492671826
0.21298225663895734,0.9417076234300444,0.4731113147810677,0.8482018956533153,0.504321777866211,0.7104306302629538,0.08887512998553924,0.6701708954596242,0.053592108816597636,0.5192431119345408,0.49642598884011785,0.9445890110607502,0.8311229272717633,0.5495127509816121,0.28425620191551626,1.1419158370194635,0.6568918140140078,0.907858424041558,0.2612564982825146,0.8564051919127532,0.12026274824133043,0.8780899408454491,0.05921991688257313,0.4693578983464241,0.20794166005433434,0.4480853090792478,0.6318529120197645,0.670414980279523,0.8289114697808502,1.0212660310834156,3.7217296934223207,0.15773664945553617
0.13857700312603055,-0.036509887958219245,0.9431682854378745,0.824489737655864,0.5654410397722478,0.5389903799079867,0.14120118555256655,0.38857249969015617,0.13276390679150651,0.7221839077870856,0.9292263404939336,0.600971074724381,0.26176260465101825,0.297244825619985,0.8123059485709956,0.8225977176833342,0.3375885500870358,0.9418749033289354,0.03510766139117333,0.5223693443769913,0.7676822339105003,0.21815420146001924,0.14973779426454714,0.11433226189015837,0.809272344596678,0.7496138601588428,0.9552954028363017,1.1040114397922984,0.3019967790361549,0.2537482391356256,4.107687461825585,-0.1360457080428984
0.24857987919200827,0.4106104522290698,0.6396399737361748,0.40174886695632606,0.630754302175145,0.5953326005865286,0.020439542533578395,0.61715687016418,0.21902188566467073,0.8575894712686679,0.24002229627065733,0.3681741047774808,0.7043417237117418,0.6799848746011411,0.4765050426588411,0.07698978792087943,0.24362514401319477,0.04522425910215868,0.289488496596329,0.15364860794605423,0.8727079964413335,0.6324900933983391,0.22923860434490564,0.11172562441940576,0.7800468651146113,0.5876983557016555,0.673479856887611,0.8040798231408111,0.38974476285074383,0.659042908270538,3.123912617906956,-0.017642358611305062
0.11862389684238622,0.7867640723731146,0.29289222388071595,0.5841695185070077,0.42462980126774036,0.8913202371342948,0.1390882295288386,1.0561488735252058,0.953579149633288,0.2702705699527471,0.7778263469026929,0.12258155938415781,0.13996490255469807,-0.07228020874266464,0.550280837138515,0.6924207782510351,0.5322082889831531,0.666653629251258,0.5901094353389911,0.9359062741481513,1.0315007404700427,0.24686866779532063,0.8669277127169841,0.6552707857678228,0.6145414950216842,0.8001247354430703,0.8597686761672159,0.9966414765524365,0.8693046099469384,0.9818821268916872,3.9861469104247553,0.08285032135050324
0.459565328735588,0.8161457808214911,0.19363674372149253,0.3192415231103141,0.7223271807572937,0.4890554038312054,0.9014041984855949,0.2797464435059348,0.17876104628327646,0.1950637025171295,0.6518028598427481,-0.03301344322290123,0.8570639047753992,0.8053274925375917,0.9260636260757332,0.6718496440026956,0.8856531236605953,0.9213991553474962,0.7313650316709565,0.19389847516238687,0.07713421959248741,0.14796323955184146,0.5259250947273095,0.19975318677677267,0.4840685414267361,-0.021507752462097796,0.5976422178544805,1.040272104532542,0.5300524540534572,-0.11212714236801472,3.307362507463913,-0.13907898612321545
0.4937686047649535,0.15968355121119496,0.3488226761429958,-0.0007298269689878095,0.45205896223987563,0.7539201372555897,0.6511073094012457,0.39857037219242025,0.7913389989712836,0.06920453664052904,0.41874818885883175,0.7534258929167001,0.5589877097951736,1.0172608369628586,0.6514245362625664,0.34766206119175147,0.42801060948830977,0.7711118950407595,0.4289113377467374,0.9263242633898815,0.47455506322591196,-0.11647135898288363,0.7242402748652869,0.980326756966468,0.4871485671133659,0.2181781887069214,0.15706682109876138,0.41620473604379027,0.4646059676608937,1.0268805947916029,3.1608552704884327,0.04236495804620166
0.9849331894867452,1.0808011504638848,0.9911149747441869,0.23693470741859232,0.8899675678543992,0.13665086275950966,0.6468762444349727,0.16650468923753156,0.14135808339091976,0.39234665835491256,0.16931100976036745,0.4155211578768639,0.5338681199079262,-0.039555913528286135,0.9169486053329302,0.35852218106876077,0.07032477031150594,0.898344937108898,0.286892217811334,1.0073592752996041,0.8112759967740808,0.8520138133957497,0.6316051938201751,0.6662414098268599,0.7348369755577715,1.142788625106889,0.39259582819638333,0.22071478558978946,0.4018398380955817,0.4954402157232872,3.39163169021923,-0.07980749613723544
0.7150092180415739,0.3193567948821253,0.2375011002939106,0.8579043619575191,0.45846026768132053,0.056331392296027794,0.6650648645715361,0.7761789335958474,0.5764223940064835,0.7636836305403768,0.7678808374266192,0.6152388216206249,0.6993851464808151,0.2682568422121784,0.19770499835706942,0.48444643096990714,0.6018504846363474,0.833410783044715,0.9735163532225022,0.8751562507116564,0.41166632705630535,0.3673014510305348,0.7396506490784412,0.9348011654404162,0.7280125845082378,0.7333126134100654,0.3018967925730552,0.05438143424349404,0.02146234313918327,0.5612246180289296,3.1916646388807997,-0.12914585014201502
0.01395902772028984,0.8050851590840268,0.8963177389921987,-0.02450495578109385,0.11595963231232138,0.6530876979877511,1.0767681762988903,0.4975607726100227,0.22010818441021018,0.9383241187785202,0.7606406624013634,0.7334398112569295,0.3780731182392463,0.9311513649264999,0.32821258664230385,0.4062748271266957,0.22824311887696278,0.9011767947070315,0.8415101265823309,0.795637550218718,0.6914824520718474,0.2855211875833395,0.3895795114886441,1.143416811368205,0.8786465891083103,0.8002976453581133,0.7984709151680666,0.7726220157056958,0.5589988350663575,0.33316328457210453,3.5181161864792316,0.06150892241220451
1.0838453511450425,0.5070955270806359,0.16952674472969506,0.6931362477031492,0.1397586436384461,0.9598357459919761,0.7059781144905555,0.43653120382968613,0.6095775294570239,0.7572554644317722,0.47856539764717937,1.0323919265734451,0.8944278059654245,0.7927687104438736,0.5204984357804314,-0.07048508037695408,0.9399166582031409,0.999803049401965,0.754167484495823,0.31574386535787363,0.038960680202509534,0.6251418923560631,0.7392813063040423,0.6306940225373299,0.60492375544893,0.569433620488996,0.24503860896833632,0.41580915060622253,-0.1537457619000621,0.7002625760575265,3.421764094165403,0.061292332491327615
0.5879944581615673,0.052798062421230724,0.8754397078403807,0.5360738037694376,0.8525337823324677,0.8966198333974672,0.8824024538300712,0.18292366278723643,0.4496583963013482,0.2260675369614671,0.4157994675114583,0.7909068926433729,0.5293682220329987,0.39580545318665633,0.8490620377919689,0.6853472969872674,0.5273310667981018,0.41403655507897585,0.4946365661434629,0.2911887014910018,0.8791482826788606,0.9721788817956227,0.5954313353651736,0.6116358250342641,0.41535712747626247,-0.03258745222183208,0.20644414888247237,-0.06874786643179874,0.08632905455880374,0.13416065564774543,3.6029706109600808,0.10889081840118436
0.7362226894475985,1.0078673539598992,0.4402489782270262,-0.02047974000457281,1.0916680883648904,0.896276395466162,0.766510124658591,1.0404348487679167,0.08174047613722871,0.03732539597911452,0.1742276118138612,0.0270213859737607,0.5550465933574695,0.7079510887547311,0.5757304452202682,0.3021514684787938,0.3360717297477963,0.45735556428966373,0.7149343077101645,0.5123695926621287,0.251673137509667,0.649166589204921,0.5556666021423551,0.857949226041354,0.6741758490904366,0.3999456916242191,0.26913859675172075,0.6020533995434437,0.4264324786552053,0.36781795632496533,3.140151268605392,0.07418574285486026
0.25155560444863007,0.8792209781446886,0.9007113676959061,0.40054805450486436,0.6320900907401215,0.716712091247864,0.8150554641540435,0.21884153778864862,0.7420254243687934,0.5985846516609569,0.3209079023807754,0.8986766515373261,0.8631412390522973,1.021057594176805,0.83081787483954,0.20294876108748083,0.12581569789057961,0.5227598099564943,0.30429678564657786,0.38203879766762316,0.7537155465598724,0.32626851590531347,0.7982006502479797,0.4935363439951028,0.47562395486588227,1.0654369509261428,0.5029832182699129,0.19475980999600465,0.871696573537833,0.7539672141616223,3.4096267721047697,0.040144383611213204
0.15319384944031947,0.43510637806817265,0.952581172313372,0.07098283291719679,0.95244229347629,0.4184386647727924,0.892559478156789,-0.1354716858470865,0.2646114549571394,0.19881265203371107,0.8852942963515492,0.4566407927460999,1.0045236679592797,0.1728621192741818,0.4050337692971488,0.2286269324452056,1.019239486628031,0.5867456384494162,-0.04727985864648678,0.47551777845128745,0.49099858214355335,0.13146162342029483,0.6144125106650976,0.7821216635435164,0.024715193576930753,0.1258216368855491,0.46843278049302894,0.0323251920845123,0.13323630667333256,0.3786961224161644,3.805985771406196,0.010823415568844535
0.8159620317178414,0.8151351302007719,0.7136336592210701,0.9801300051023919,0.8609833451199622,0.13221807623792223,0.6755511321621565,0.902788307283684,0.6560117630049165,0.6809881152850361,0.4961082251056291,0.5710174318513831,0.11953340894659625,0.7221354939337777,0.4228160274251815,0.012511380026628497,0.6683878587909193,0.9916951183980004,0.940337463345241,0.11703603309079322,0.10262102506311929,0.20926261018527265,0.7840766354133702,0.3594332877199964,0.9264259459554963,0.8535568046758362,0.48887298626370007,0.7065337448858988,0.7318342528817435,0.5172270120204601,3.7136927496359626,0.03541784731890561
0.32055045247745795,0.2870829943338768,0.9123805559118935,0.216929332570599,0.10423588411674167,0.569531312692459,0.7822227866058566,0.16783647547119213,0.15339668819850852,0.610192271895069,0.9190637072050442,0.4065405012902946,0.9453285661050785,0.6432209890388383,0.382958263563441,0.44593503765983644,0.9289726492921156,0.7415897889820386,0.7882793862334975,0.5138811959847849,0.23385799312976863,0.9121674208543769,0.4169684269165421,0.5396570684441963,0.7637097172896194,0.7410024668396824,0.4308525894230697,0.6883673068903371,0.5288784258513507,0.2850034225747171,2.9895325677599986,0.05171779538620646
0.750683604172513,0.7539878313622109,0.5122705047474088,0.5785065142606317,0.30691126365079974,0.817722871707582,0.48733968046704806,0.5541932971697592,0.5822013622171118,0.6148690348651704,0.7844749262444102,0.4681916171077492,0.8692982822091431,-0.010131497116690737,0.30986699200244394,0.8483090288770535,0.16179845736865844,0.1149080868485835,0.7020772394597714,0.5777440687548356,0.548035710348798,0.07333049075663185,0.6798603444609791,0.179039536020849,0.05990856793353893,-0.056870170399949,0.7674131952563344,0.514719414858413,-0.001428246686049281,1.0357252114842797,4.048309240365918,0.13202465520286635
0.542307830258963,0.8284075608814201,-0.06504250481202421,0.3774834984349228,0.5311455493145951,0.12172589616311366,-0.03462383599458319,0.7509105617918878,-0.024667120783140997,0.780936094023557,0.3778725602878562,0.5744753742992228,0.4734736299286054,0.1227142211655509,0.05694439326034653,0.16244311999472377,0.5842089511563262,0.6660809130329719,0.27425684688195157,-0.025741723008340107,0.6232908225018713,0.26288945947930165,0.05147130800047419,0.481901295465321,0.6245046292324539,0.8420118915982664,0.23190680380696665,0.598829787479367,0.7559519688724932,0.6568091512164138,3.4980972171645397,-0.06505414101747559
0.03767245539904306,0.867151266629805,0.20645271013728847,0.35747788258799373,0.26151321274348077,0.4724866735775421,0.9468235178915323,-0.0459797281234435,1.0657545863535856,0.4899076561568675,0.2006146814851059,0.2990865927088982,0.19955903508764844,0.8867466174548992,0.26738294302959087,0.5507718206624022,0.5801561923225009,0.16362770966224305,0.11459911140202207,0.1639131840027904,0.03505919513820794,0.09343820022952591,0.23010540176856428,0.2954772995148281,0.01679060987892325,0.4545990594828127,0.8593174423574612,0.35426672558911254,0.21994997286659268,0.3471899519803226,3.463098339538712,0.15504587334022674
0.9696074867449458,0.2469570594240998,0.32424417426353447,0.7805190284330652,0.38710996855634294,0.4425148377372159,0.44289478081812506,0.3524765950657125,1.021120027379956,0.3981460665338121,0.7764790505725052,0.47728893999115807,0.7463599041511986,0.24470645438158675,0.2646779850997384,0.6124230645252766,0.4559787940176568,0.1930929054875282,0.7245669589639604,0.1797739104088985,0.76136962564789,0.4326996316351703,0.38831851028420405,0.8285265216257687,1.0113619905100304,1.0235288589072673,0.5681760609964402,0.25924161177907673,0.7949055515631348,0.7624013474616032,2.709662005101126,0.10340962143247483
0.8651613577379831,0.05640728751075029,0.7084341664262316,0.3764116290836327,0.27283988244210217,1.0821428841626566,0.7663584640891715,0.36693346082151823,0.18347744131155347,0.09407811409069704,0.46391596767355825,-0.15338135680192477,-0.03947296299294585,0.7615710316499695,0.7449246953108699,0.5339234136935723,0.8767286273708855,0.8882762648606068,0.28773756814159845,0.9621928417135208,0.22942985254692672,0.6441263377447232,-0.07582306876534445,-0.09146845064412862,0.7664278007122165,0.2691452111906075,0.27302874517372433,0.323280850522513,0.49101252802062945,0.3478057254382367,3.6587508406335214,-0.017909584043030963
0.7870922925506204,0.3126971936889123,-0.04961227482254042,0.7023353131158114,0.7849798816697616,0.9774737555121701,0.5371584480696833,0.07229534031549405,-0.007741253083858243,0.9073471961249511,0.6640524303217119,0.7725111815522726,0.40271599760805377,0.1265081826825238,0.4582719804066933,0.5657438890125417,0.2801104093008435,0.8393730222321939,0.5269728925880067,0.4783493490948998,0.9146410735928086,0.010108679078828708,0.6080014173650421,0.49089246832630784,0.035796249781851114,0.7009777878094077,0.5867176672163243,0.4536347428005847,0.08800566230633489,0.8322987212459073,4.146006850995064,0.08177009632306835
0.062210352511339835,0.6543494675948421,0.860762880910348,0.9409034992251354,0.7775957624078144,0.4858460395331688,0.012552759762678556,0.4317713743541979,0.645867435234778,0.7879581593172946,0.8007874413138573,0.12856621473795118,0.10603767719548213,0.4981705928390407,0.986819950893143,0.23844070866061134,0.6858010857049499,0.6644164114210902,0.6461818534676895,0.7058069583863458,0.846361435284692,0.20877032205060403,0.5647646197238549,0.30043650540981504,0.22012355725114408,0.09088122414142949,0.24433191013679378,1.0899052901664403,0.4523190693741984,-0.007599284062390493,3.3127333560492884,-0.02309599067185732
0.2725236736139593,0.19039798559851143,0.0634240818753539,0.876737829330009,0.8040914306583417,0.257521879942028,0.9836416192997649,0.8236481975885015,0.157116177119014,0.9828497644605239,0.2506440957873624,0.35662131730958274,0.0773552856914226,0.19718587235553103,0.45279948029329486,0.6001102059371186,0.31940459903638274,1.0116591051473336,-0.13755626292312337,0.7444505802183474,0.2240501234429746,0.24476107344663361,0.1103063495290513,0.8605196240481184,0.24127121986126074,0.9055960361098112,0.12932048899211113,0.6692290918495141,0.015688464191970508,0.023299516069274037,3.9615347961816525,-0.21919223176521033
0.33867072509038154,-0.022879373333960923,1.0731362642544964,0.2194557304101824,0.4807226307513229,0.7741341669901535,0.4776908863582768,0.5799187602653759,0.7515665735530905,0.45920598286733305,0.25386339392296664,-0.004340765252485605,0.6453794547903002,0.7572535992607053,0.8395771636422363,0.06728316248224249,1.0272641596275036,1.1314349750235284,0.5162875842767513,0.6855394517195461,0.6572598166659764,0.9043859574480725,0.5769027488108848,0.7408152997136731,1.0685083356783653,0.7683316662061592,0.395275057157497,0.006531090407850059,0.17144192542190578,0.1322514086912622,3.6523898550143947,-0.0788801679139568
0.32995927189776286,0.3011535923040948,0.4659003779680761,0.5653798451101827,0.6228898274779452,-0.0067285121386031,0.9967356372074833,0.016247606033781226,0.5708593402029686,1.005843276781844,0.6763487835352174,0.846545961842493,0.06269837057090033,0.23193857855056008,0.034720894150776366,0.21644140368478018,0.2928854700342568,0.6141972433863739,0.1261885676983374,0.46579080201753453,0.1079575956431682,0.12913258283701873,0.5528206446547606,0.20288631261813583,0.5516620339816244,0.1215409124619799,0.3326979690345422,0.5410662440881175,0.2027255218277945,0.48895328919117725,3.356292076536757,0.042742005360144955
0.28071284911935823,0.8134918543986807,0.3981139663051446,0.08178112311912847,0.055119856003401156,0.6798822511237544,1.042441374834128,0.8556440679033046,0.1371896707862488,0.349006822303257,0.43439167969750847,0.9184660603981355,0.6958551143457045,0.4846104189406224,0.6055357984295036,0.14560478888831724,0.18843352669502728,0.9003423525453225,0.4566656694218047,0.42318122859155927,0.35829852861843925,0.272791830652673,0.8458178940743225,0.809491968548947,0.1883448682746686,0.2867946799088283,0.49985726727022106,0.2699204366276626,0.41207823272611,1.0021237510295553,3.2769258092469955,-0.05621012888035953
0.9201374891824101,0.09971018463536566,0.6021113927343655,1.000308473192978,0.9288721156782367,0.2859048123564942,0.6020947668911327,0.7555816545685072,0.15246842052810639,0.352381822205761,0.16671109841911566,0.18625652876328538,0.5014492837089215,0.4538250920375794,0.07931566931456284,0.122530504161209,0.8879419599148617,0.990141201223928,0.6727936670732753,0.2075143748923065,0.9350660682462449,0.7608265830645787,0.7652537291376887,0.978721500778732,0.7327957657597608,0.06486618347256641,1.0409160468610954,0.546395629209099,0.2977203379645469,0.6197260555810177,3.8247138441442,0.07093780865886101
0.23074687345604605,-0.011069861642114839,0.508470222523591,0.8826573925938459,0.2165424491949588,0.23819497630112588,0.7676168946079259,0.822853538539764,0.25051972807472883,0.7771772645969459,0.5172572795422025,1.0147378948241175,0.002221938780092662,0.6619558223890025,-0.11409022708174622,0.19099089242458117,0.7084735444785308,0.9791222047963337,0.5251730927634222,0.3851993317741901,-0.00332158728808289,0.423853655619828,0.7064869147170326,0.5416708037828148,0.9929237470921559,0.10697847404906427,0.74837017296344,0.7545269408360963,0.16956928214246714,1.0592018333190443,4.053012391808477,0.03438516191703164
0.014145548794974178,0.006731463595742226,0.135306242850686,0.933056864383701,0.4217180185083311,0.4647750332910555,0.07764919104368376,0.32187390397828813,0.8321249179913273,0.16177943580371312,0.5480604506266009,0.20494993521825183,1.00442550317051,1.0050456583054808,0.8080762665035912,-0.03430816537170471,0.27740205192707673,0.7438988196855687,0.08587379958106851,0.263288392427555,0.8536857474230262,0.18000486835049204,0.6312501326861601,0.7071363821985873,0.6805153271941886,0.248122943212137,0.36601773085219186,0.8597674723994874,0.7932088999685418,0.7884104995301419,3.28559618319483,0.020411524344866695
0.1653965409411088,0.7658884994675074,0.9480047767468421,0.7444345827724445,1.024565585673005,0.5680346165036372,0.05094453048990033,0.2232791980951593,1.0161171154305024,0.7782449646765351,0.8645153896838024,0.5520473503977728,0.2110873459279781,0.5603842519765978,0.9217317296299524,0.29522608517376436,0.7227553487212833,0.16535943159170197,0.20651180086380205,0.09916951528011032,1.0894612585154126,0.7213110987118362,0.48150403043165224,0.06661124115802787,0.3746153600242198,0.8793378949477614,0.31547079210568985,0.8757862677163709,0.4331291968940165,0.8546994280108774,3.593675756834334,0.16962803138006521
0.7602283992876355,0.7648951810570371,0.8870819964151855,0.7415181237502986,0.5773111509934427,1.1411954501964279,0.8151449755992347,0.6290057647025528,0.3516929487637649,0.5427478990462199,0.30903851743580274,0.7882390937479071,0.5637447783730113,0.5834354102988153,0.2976285047212675,0.06210597908511463,0.6178515909607585,0.5337697297483304,0.33852077133499014,0.3255420842997348,0.3078814469502027,0.8758222726113771,0.36221361112978434,0.9982808501462986,0.4827445711087358,0.29628634345909344,0.3629816463550847,0.5123410301377125,0.911128194089609,0.7930685987582238,2.684892204645679,0.23397659567886644
0.5600828421468661,0.42955540251506763,0.27096190908075535,0.3733544984413828,1.1077434248929585,0.5156449345567669,0.18646866096356393,0.9162767354783036,0.2552769513829394,0.7194046734778329,0.989207834703829,0.6848558816507512,0.39356398534901615,0.24179628466007083,0.8276262289138354,0.6656737685042845,0.6236678849185231,0.15431534628836252,0.9511371363381971,1.0413042446050578,0.6969966213110937,0.684851751674818,0.6025763371444023,0.6717413345385889,0.15688471376638216,0.9224241679282613,0.8181231400805532,0.17106651355115493,0.6766692950939824,0.08607185661793995,3.249157116787564,0.007162010387679538
0.21570740305704938,-0.0025272062708223113,0.010383224041098621,0.23435111711916742,0.5217140007513629,0.23788394695687676,0.3974953272202412,0.6895087144754573,0.7619859992409985,0.9584962312640981,-0.0004034371627746579,0.4675314875598228,0.35442154611020205,0.29508470722877966,0.2621228787998415,0.7381680518937288,0.4659801819680657,0.36075735991960683,0.41088261258269737,0.9431807695146355,0.6155700833258193,0.7848615554025118,0.07262511193611781,0.08781802740920719,1.0498538775215414,0.3554120564790937,0.48467510157067123,0.657069062856442,0.3127703390065987,0.14518649724532512,3.3929571038220896,0.109596492506851
0.6811738812191196,0.4906488099268079,0.7433643260052472,0.4877101774732237,0.20128583126112717,0.8467066729908914,0.7860652338561362,0.6452484790143803,0.6274928003654485,0.3226234785232186,0.8048122216099799,0.5286555787893585,0.9879471528771478,0.3953893975649214,0.5640014887401416,0.48350731564714977,0.7850192396056251,0.8329178762556146,0.8043416282894996,0.7528361665824603,0.44213326155014077,0.5987055029608872,0.9876974649741491,0.7266164157352778,0.016958187684459447,0.8709046933157893,0.5836662598411612,-0.13191316496779087,0.39153354291717263,0.6839815464568967,2.826402229058777,0.0206400310226125
0.29654966331448196,0.22210605986690585,0.48880784671307625,0.4491262353314873,0.47854305532087027,0.18905219064538056,0.31324190017395964,0.29924265959618795,8.360142662389158e-05,1.13884320883797,1.0823884324077573,1.026974626675687,0.8568891360818317,0.865062985348722,0.33549126361736226,0.8240895485343779,0.2974544482164928,0.8188119313006316,0.15249114133592806,0.037043472937901875,0.3394452446686864,0.2629900958694429,0.480659830167699,0.3011280920590822,0.8389101979387465,0.4338152816461096,0.813645297153486,0.6705559421815703,0.1996647274696175,0.9166904290201878,3.675301474965518,0.01259619906171241
0.16398294618516687,0.7648794561805112,-0.009784346949531248,0.48989189247307485,0.6307620324371047,0.6006079772425841,0.5689142862318629,0.21387123828792054,0.05289928316858845,0.04225313166580836,0.05479585211241482,0.5478342017591533,0.6212948089976301,0.7561497680001568,0.40827442570191413,1.0054203112703506,0.26149934967708816,0.8108833584078459,0.6744472174696695,0.9145879950170176,0.7449202033296366,-0.03285767525370363,0.14654999500939314,0.45215688477725413,0.6878948613552048,0.9252648973322162,0.20052608245786913,0.2742857430577226,0.7608525463687086,0.5240664557841525,3.194281249116156,0.12318285834084097
0.1852099505281488,1.0358420212473582,0.43042474740263587,0.4912504888696426,0.5650987966423471,0.45251300161252894,0.5077747556242181,1.0834955023737018,0.07920379588738312,0.20352522576929727,0.7567142503095766,0.967137517517479,0.5347105588755793,0.29717882745403346,0.597778895412877,0.7402170031475777,0.5475323396577693,0.2724889118401857,0.3054639807207777,0.46596383699363125,0.5841359064855939,0.42940605338256366,0.34062780314471824,0.18066217704377302,0.8057665253436573,0.7636896669363087,0.07361480583520666,0.26316933705379525,0.008357256422830868,0.32674768061226145,2.844643968450166,-0.14418055948444364
0.391542874721846,0.2878705216297784,0.8081163588521935,0.21309640174941832,0.6236753220941906,0.38415596624709053,0.2876219929221293,0.31029747705033417,0.10899027804155637,0.5197289926264651,0.1148195060035995,-0.0038215821001642836,0.5031853025068748,0.49153252808874737,0.27794912471491673,0.5649437461359367,0.22516744964055213,0.15306358825100297,0.5841345197188937,0.2343209763015372,0.44072020991367256,0.02765945913739294,0.2582952376296315,0.539112709450823,0.3158008771758898,0.27601508278456555,-0.19323506862837703,0.3275382307381954,1.0842256386863323,0.19229162506678343,3.5778622459749516,-0.015814638598063622
0.5439789084426393,0.27112827436355574,0.6411208436846906,0.2923213644442167,0.581009470911584,0.30043793690182774,0.3834269588826336,0.9801144763386743,0.5898043437077976,0.15518379971513216,0.567480892541757,0.29598328025745385,0.3014196269093927,0.8374953748284932,0.2788807468231217,0.6469543890659524,0.5287678565325943,0.12785137145948933,0.238802984007896,0.4409026145520934,0.8851606155301027,0.1430333414742195,0.4308568624467982,0.5382865195705703,0.32467213312594073,0.36066597166384706,0.7222642155339466,0.6728131352162796,0.21277461548963642,0.27349365059356595,2.399607101069333,-0.15713709379882213
0.2695893188755042,0.24525992236364014,0.5519545222527885,-0.001847830444338061,0.4356796457677496,0.17528676975122734,0.2860306525277966,0.7038667200782267,0.6474696782695586,0.3606999332292874,0.15395178910022975,0.5550745579440173,0.7945651966610279,0.20962024235646007,1.016441230300055,0.2711119517942315,0.2588138524138308,0.2777722809579032,0.7571264067118134,0.7645522826309378,0.5231690594956147,0.8648604812574832,0.7087666228271171,0.9774011182157818,0.2897241535659227,1.0538137387791051,0.9522035437573789,0.20782931603950516,0.29760693221434587,0.8846415973979409,3.7032174323968174,-0.1584723234708645
0.2569002186343085,0.4883407010952337,0.7925851217586224,0.3144767480674404,0.10851423799631049,0.04001589164847162,0.16892365346417273,0.9650424340725648,0.19757824701946763,0.32540835822934777,1.0255032978302387,0.8152475801944872,-0.03871241590311923,0.9174783446386894,0.4666512707613414,0.5397567991638508,0.04252487367279573,0.36635846002718697,0.24440866580856446,0.1808615801637958,0.2722937110154542,0.7796651668563197,0.2711604612370606,0.924414657102237,0.532693610600869,0.4653350360168724,0.14121055723669962,0.39991043088476075,0.34865912293548573,0.1860442643158342,3.9648717074223785,0.09316728168803856
0.4818995578844514,0.9990096836337428,0.4671162026633756,0.8531586531358977,1.0800726778221725,0.42055997482227814,0.5639756042401667,0.6675415933104601,0.5477153006953643,0.22803370119460947,1.0041639159215778,0.03209344931154638,0.09545044666659855,0.2648491340874951,0.6546962447701296,0.4770798140597537,0.6276490416239405,0.6183144256815191,1.0353776285631267,0.6412762249678259,0.7107308488681247,0.806566965029701,0.3388935138058448,0.702788137387199,1.2420617982871687,0.27258895105294695,0.9284661231845243,0.7368287476257717,0.3412239103141976,0.02919427715069623,3.2709434599229708,0.03229230375765419
0.8483875965385874,0.5231505388239623,0.972731153947182,0.7334190425807013,1.0255769763100566,0.6026581391273689,0.03519328236649222,0.16307828141747424,0.40613830289870506,0.43203560848874883,0.5884522922804714,0.7962131107139364,0.4998760804520398,0.16944186152398782,0.6077698923411344,0.7531027039485791,0.792863767304786,0.22567980949715313,0.12305697685599515,0.9011592565036455,0.8003100433459411,0.8146538539681841,0.04973922503878842,0.5449899491812052,0.30031498814113394,0.8367398753109477,0.8906815238788346,1.098493378135577,0.9156856379280071,0.5807636551731823,3.6572063217991233,-0.019123673966656145
0.5918625925037105,0.7618213471213525,0.275631726702992,0.3100610336069378,0.987803274162889,0.11060517674103801,0.027626516384551117,0.8453125685823569,0.8561345361796958,0.44217834249005383,0.20415443796973695,0.892689655670857,0.460927472309169,0.6138212874298441,0.15118395177022959,0.7868669626253408,0.28619674955859553,0.6972072185178368,0.7300115727292869,0.306507180776387,0.5860507790127433,0.15234157474766763,1.0371738076811394,0.4628987896509418,0.8042497028711197,0.10924463381455049,0.017547497022184416,1.0328396233890862,0.9982884094495325,0.19089757012991299,3.9312652499516108,0.009251588871753653
0.07151860343028316,0.550418321660455,0.5061398856394972,0.5904103116295405,0.7410981804105083,1.1168269858874331,0.7464959149223073,0.7264926544792347,0.8456563738207692,0.24078184510573075,0.29437806147689405,0.7051739846914821,0.4994176567306804,0.3991424233191582,0.8898591118594151,0.9357986185129571,1.0620661392020885,0.0949941466440945,0.12415684609465398,0.05618338165356408,-0.054024554755898874,0.7170837990505912,1.0299387707032865,0.5192923770725559,0.09668098562287966,-0.017505638223439597,0.4571198082936509,0.3726469790878407,0.6050653920522865,0.6473835713832203,3.3010577992863617,0.04282657375807325
0.8787103339772361,0.6560444609269983,0.8621187258309935,0.5813390445842077,0.7291046334619006,0.7859393564655006,-0.07753946542603984,0.8651893104274968,0.061350292736875804,0.00290595519377404,0.784476852534213,0.5007802436290273,0.2411037153017215,0.3061704654229925,0.672209898080612,0.27704616897491885,0.628673094844107,0.4822394060241133,0.6339058081600377,0.8391582081761021,0.14729878088975515,1.0637335339710008,0.2772824935101343,0.34561969332901754,0.7429883997435246,0.33457003461081053,0.3659361904174829,0.9668810308442388,0.9910433889393928,0.7607097974799807,3.1772876006205153,-0.15072869186856339
0.5097321597478063,0.5572387401783114,0.12116654426291411,0.7541368969600661,0.9855206461485175,1.0583465982247349,0.502978705183507,1.0365614530280824,0.7209178675607839,0.7073077296535173,0.6934711297707061,0.6410728431668168,0.3086741290302071,0.69804676661277,0.48666145450224507,0.9056542463646304,0.23310514792431178,0.29579907121608956,1.0190604310002032,0.9854054672776285,0.878994198092873,0.26558811201543914,0.12470335154088553,0.18650461940510302,0.7480670114434399,-0.011265177405972743,1.0043169716991707,0.7732361061065062,0.5907582232854001,0.33327333338881737,4.170716992224869,0.11909472753969673
0.6183038787744646,1.0745990931543246,0.2806433749389017,0.38328057013809735,0.5302471828181232,0.9945091878350287,0.7278416771012967,0.9025255635684027,0.12625189836265827,1.0091061010638667,0.08911104959386254,0.056697227541856736,0.43199851313956916,0.6408661785925053,0.0586563709616896,0.0504834298043676,0.9670898846317305,0.5811577497044447,0.9588649948819651,0.9064190365231574,-0.10376384348486031,1.0589079931261562,0.3436580414226357,0.8608671485566315,-0.12308081980921529,0.8269425104667951,0.23914615221692997,0.7144448467379372,0.991383724807837,0.7861666112522341,4.623332407615835,0.01895049402428618
1.130736634811539,0.19275411345010762,0.1378655683386042,0.19248815124243712,0.4111616180241627,0.7595492487348117,0.618823951179094,0.06356582103129228,0.8349835585273303,0.7132306524060772,1.0194682434114721,0.4824734899572777,0.6189127909288279,0.6824140780839223,0.2113729775083906,0.7054156682729182,0.49115314819871414,0.3737386415456464,0.10279662648756738,0.6448343757219837,0.7160859260978054,0.7201412324478749,0.8432974212887532,0.478730509667942,0.6155629456724371,0.04263658458510558,0.6318486885235586,0.8754833719848054,0.4372855488390357,0.8291692005961456,0.22883382300485836,3.444566514601173
0.37979877948056107,0.1219046371171286,0.4294664841106661,0.44179581947855445,0.7664606550231058,0.5392536653552087,-0.0907256195714033,0.05964942203646617,0.5095642649287536,0.8813786545162016,0.9273211048300788,0.11648721638028242,0.8638296137409412,0.9296239182258089,0.7461718338434037,0.32599811905783416,-0.09463143213337552,0.273387968936493,0.727881306611269,0.8049936778549519,0.19952870631284775,0.6263901912743736,0.9728090146850367,0.7986397150386255,0.2834566007099491,0.4412703476405391,-0.11868649749892675,0.2329356505715311,0.040742933120430425,0.07980753995461612,3.8665442032685275,-0.01161923180588652
0.25306677937722805,0.7419326803314755,0.10008639646599787,0.5485126861844354,0.3946157109443056,1.0348924315742907,0.3283072947280696,0.5807802072403059,-0.0071563423579230345,1.0205458475972748,0.07865481166669017,0.6150065631173655,0.1646107304023685,0.24258952801948164,0.334283094990934,0.1912518174894041,0.752463034517455,0.05226365719867349,0.36380679514772557,-0.04668442485235648,0.26766232281060587,0.06413647852688698,0.8098167863656821,0.41088380265030267,0.4003660600931961,0.949130334813222,0.2617125296007482,0.09801755572890138,0.050328818023794644,0.5135467922400162,3.6510091917553256,-0.1350890323668259
-0.03608063772147125,0.3650706257285604,0.940788402832135,0.7287785280593113,0.5765971151695628,0.6534609320999426,0.4459042037705754,0.9230547308281052,0.41388846341461194,-0.04463510437862627,0.9505415758785227,1.0514629755406186,0.5572361725903222,0.39603670429408044,0.4709609260319124,0.37026448976926224,0.7757341031887092,0.8040616275803574,0.7819892193953428,0.2570206734346627,0.682554475659252,0.14304875477498188,0.5887410084918574,0.5514016027407925,0.6091723026330713,0.44550429579119905,0.47005073066691144,0.21752751948299232,0.8649966950054241,0.24075743482011,2.746580001121695,0.03964620969712953
0.8686506689343751,1.0057401552842828,0.2263295974912443,0.2785196052477266,0.3574238441375258,0.31228731477783384,0.7372667718660069,0.45078907209008623,0.862948559135086,0.17295948757794619,0.10317751119604873,0.12954420152932145,0.6031386987651313,0.6020630354425028,1.057418694089495,0.7270319665635612,0.38996637870272605,0.07564128580189888,0.32757939094650435,0.3016723638914901,0.43884240549332,0.28843079830581464,-0.03447179191838849,0.34804728420057285,0.5703704570928297,-0.03885156983852922,0.5458459905509297,0.5455225014586439,0.31052133085066425,0.38335017690440615,2.6074737653005946,1.919362328046958
0.13578693168594858,0.552666295910134,0.27612661966256496,0.4442211154483131,0.26321746177592364,0.5721928304063109,0.2705784956669194,0.7539120932540329,0.9470621481530617,0.5824628346709737,0.5897588285495508,0.2020193375842601,0.06672651212631935,0.3722781368478786,0.648722146108371,0.6011671100883779,0.037364233734629854,0.46776764307530094,-0.010782039037458724,0.6620628880926488,0.03104259632519231,0.7125596548332813,0.40841570864418136,0.9262895173371622,0.39818987282411034,0.6040661485757141,0.9905815327495657,0.3986638836809304,0.5321018006043918,0.9927841373422065,2.989597642909716,-0.10525442722182753
0.7805967283438757,0.654983905960727,-0.0842439138686357,0.45568384971620124,0.8975505602961624,0.38454092926955935,0.037012601674045076,1.0624018289960966,0.6465056075999122,0.3537423800718149,0.37814989699068824,0.5537998702441005,-0.001924783946412545,0.7083403099041073,0.8414551550402433,0.23804354296561311,0.4449556920268277,-0.024233244468756618,0.10628499040913095,0.7968040223244938,1.0877096483381121,0.4682549924160718,0.9854879577903568,0.284483510711529,0.6810849530503567,0.528646734506722,0.8490367310999211,0.29343036318447613,0.9137211107478833,0.3875941178494347,3.542840482625215,-0.08033343114992621
0.26343548500459796,-0.12396381394152106,0.17691455157587171,-0.07415464264146525,0.6956084313861003,0.6434102446756995,1.0824931762843286,-0.03702626440575168,0.8869344053920092,0.9022519018367714,0.6156487272486606,0.9316050688692834,0.6757395154758529,0.8473718608165319,1.0769857357580304,0.5473393614385096,0.8641696672190431,0.6791898670735435,1.0943128702798894,0.08348563942711709,0.05336367078399757,0.3376009791808756,0.2037215041717851,0.9656201643000075,0.34554250840130407,0.49519624927895917,0.45692148925673093,0.39090909912484606,0.35722667040085265,0.43459257832417986,3.984541101702524,-0.10989989273939896
0.5786465043877328,0.7835584926742175,0.6029449650422202,0.09546506021467092,-0.10697283010192185,0.3020100044769309,0.5848130172794124,0.9464166273853403,0.06569174518785247,0.45563176989682247,0.33927165313625696,0.9659563671577718,0.43241054257897,0.6900533976688445,0.903112635213452,1.0545273035270788,0.021937344096891985,0.4539521509503657,-0.07063350457027115,0.7331101334148319,0.8024350862468479,0.6445903768739719,0.2815057448345377,0.21940618513397905,0.6136410869973594,0.8000543488287719,0.5220722627684078,0.4128126833206346,0.8175574050075323,0.6374745898589296,3.551599845822373,0.035542732690958714
0.5479710389912198,1.1327497406035896,0.19562683209620868,0.3899834929163475,0.19344757612556263,0.3001019906005335,0.8216561221982638,0.6474056061724371,0.12316187238415191,0.6095671851315845,0.8914531938043186,0.14630059864119976,0.5547015114039843,0.31162571747764334,0.08469497240324783,0.5702348040818769,0.8400459897475443,0.2080070636607527,0.4104192786709339,0.7174093317269381,0.014382659631964466,0.30785134535794695,0.9316325802913379,0.8924664546200383,0.5176617120874342,0.1383884642409199,0.7062826701275347,0.24291545270747295,0.3771244386353233,0.8546524568562446,3.089099913976636,0.027941636688291773
0.4410617771847584,1.0014608829037095,0.4231557525748197,0.13990185161228333,0.2512708534105459,0.1892337263878958,0.05112691518661236,0.563372983562852,0.36639706055651144,0.5780916303133885,0.7937122996281797,0.38864010670208493,0.3438322773497363,0.5317763005950294,0.06024032997456512,0.5892035471851669,0.8237843377919503,0.9310505176431678,0.6488056264799313,0.3280579942310154,0.060899301203568415,0.5149376167371144,0.8884252060999108,0.7562741399144708,0.25596355194510984,0.9329757246726926,0.5986288451634157,0.6292147229699755,-0.014496465116617716,0.34682593115537685,3.08243407049619,-0.0687507847383049
0.5704013010340039,0.8990236449827884,0.8064395787580606,0.7727292289848885,0.9047960070701422,0.6036594484651276,0.5031359966549938,0.3397379872959712,0.8400628714713768,0.9033610685600808,0.689535337958377,0.7062341357239128,0.3444331569183143,0.8563120004501735,0.5072522852875382,-0.0454434192475003,0.5247458516356822,0.8083492906363235,0.6409970039228615,0.6309413810849761,0.2512685766279579,0.8532274394993375,0.14690146547991292,0.06315502624359398,0.36479914990226336,0.8633090967878053,0.5091411186451837,0.5708775046913985,0.7724538968258929,0.23667901385531115,3.357274661988738,0.08494248568344002
-0.05691144873610668,0.4455986108021604,0.38073834424412095,0.31771546634457837,0.9343721404512207,0.19865357298852854,1.22328379667201,0.6486230779003814,0.3310199570305171,0.7394901086721941,0.9053100398989391,0.8430269757150243,0.11293724623860403,0.11571721290023382,0.22734211739822985,0.4784037950260159,0.3074036967099316,0.23521712829723207,0.256806620037943,1.067242359278216,0.15103871068903701,0.7498949600694362,0.8719091054669383,0.7749758254998363,0.4364612531455759,0.14869627610700292,0.19835395964039204,0.636590092689475,0.13529299607856987,0.24197512964292073,3.2766546533403313,0.1042136869916756
0.26786690291440574,0.6679405285709346,0.8966643285950155,0.291952295681899,0.365353934637865,0.2980540431265323,0.8530419997951921,0.32181061700401076,0.2220205522419468,0.590795856004782,0.7399252507095041,0.5999307250353041,0.6934982886379165,-0.09131176351384573,0.43257037499963746,0.41183223884237774,0.03951721884331076,0.45180371737746683,0.39208933864070666,1.1573400315000013,0.11956961985616668,0.12553678091731105,0.9758719023094077,0.304078713521519,0.15162883596328108,0.6322996371256864,1.1056052485038843,-0.024737759945092263,0.18263684193120125,0.2810186834269369,3.9534261865296836,-0.12960152675072364
0.5388905267346958,0.7892960757940959,0.49510375678961793,0.9624535155098531,0.4435312973464077,0.17094809501144181,0.5937238543885683,1.0445784568324596,0.777764064074368,0.39184963736599143,-0.0035782483202511997,-0.03629116649461753,0.9246784526505792,0.8503032291689465,0.210455261432959,1.065085951399541,0.9442053694245702,0.3148705411873107,0.33575386590202827,0.32329647614166585,0.005602376665904844,0.4649990511150336,0.23996990175478553,0.3629054242885062,0.5203321493437961,0.5730033394327994,0.7572148379530799,0.33363991908310964,0.640897738777517,0.81494824571453,3.8192443586298417,0.07567660801536362
0.6077331353687113,0.5199920133123352,0.06990470195011972,0.45514350013074056,0.7109046147396715,0.5151967380307786,0.47420987699618034,0.06521493658291774,1.0511129544019868,0.46363048301940296,0.9164491574185798,0.8973695241351933,0.8054277324582503,0.05668111902175099,0.29724090832492445,0.3403070875273907,0.23353300883223177,0.2489847141978495,0.6904064909636664,0.2598712322965023,0.9737008755310907,0.850259268875218,0.5256542668391452,-0.11631427130641005,0.5033026610108584,0.5993614664851615,0.7954786544489532,0.5610644282279504,0.23277804488818896,0.5349952390994038,3.4359423709064014,0.10526714139937621
0.5606044652007227,0.3720361541272834,0.26139552048051906,0.49815740191610924,0.8740650813278588,0.9444926291598156,0.8081938270498292,-0.00033570031402721523,0.2669570505123811,0.08747910720843789,0.2527016506984606,0.8983125437924472,0.884108561623753,0.6732762854493005,0.22081789591206444,0.7805129103873419,0.013929903494983367,0.008429379056752062,0.2820104436445064,0.7033551244392917,0.4586062842997167,0.8235720693159011,0.14666407280078464,-0.023180539199298814,-0.01714859246394041,0.6112356458658481,0.6358660797429324,0.9265015697503943,0.5318532356096167,0.6061260872062356,3.954168909089192,-0.040566841850461284
0.9333465457320937,0.6383470921547352,0.8063978568396841,0.9023485727905868,0.6663070057977132,0.5061289288070963,0.4030321514003776,0.1950561245305269,1.1172658778210909,0.8046888959980666,0.7522730159145451,0.8357743228825825,0.8246632316508089,0.17696687048558907,0.11978007682623941,0.6238723880424496,-0.05956042390675265,0.7828807281353908,0.63461821146293,0.3363825140572746,-0.03716496192046273,0.12054944053749492,0.8019471551281325,0.34123316690575656,0.18996241910214245,0.2658615953705345,0.15399565686170524,0.37426722037290217,-0.05756022514699266,0.5537180995158977,2.730101048297471,2.8038537940999557
0.8822187326823089,0.7271283508414002,0.602236559304179,0.7010639700019476,0.5335769943386754,0.25409551968066435,0.4264765150294837,0.8965900906400253,0.04321208344752342,0.803624962912524,0.2847278246108885,0.3949382245911292,0.11501664481892934,0.19249169912240616,0.3822921701699274,0.213949175797473,0.3117202242627608,0.7923843992681499,0.5425785531978516,0.9160134832465364,0.820390525469577,0.8187905765184782,0.2164679737232013,0.5618214608688258,0.026802397249600513,0.5192492102222003,-0.06715960046541739,1.2111825006743613,0.2923611450044833,0.3874061826467611,3.1712237241655945,-0.09908499075225685
0.20531388145416699,0.8578781325974466,0.77468709088906,0.09831459869870163,1.0696523617896798,0.792861506925799,0.8779977594984909,0.6475580916999994,0.20654898792107004,1.0371233211259525,0.15820254005860118,0.3865101169641459,0.2338412372530016,0.951502047959541,0.3179221730136718,0.4460520216330376,0.9563365797375832,0.9420277470940354,0.5114560324651732,0.8631347535285036,0.583868647201216,0.41969178564532,0.31852891933706456,0.9872120815377796,0.8415572926232654,0.859246324941923,0.4437874894250421,0.5532356853006581,0.4771997199453789,0.9554776507922521,3.886530212107501,-0.03463970379649161
0.8742537202936483,0.863368212594347,0.5234894681907636,0.10729186262143114,0.6995997558823798,0.19603015884854078,0.09249965652896071,0.7011223075283236,0.3964772130803136,0.21651717857533465,0.6072165302919257,0.10191151079484594,0.9039647237577009,0.9394968590228622,0.0043354222532678895,0.09151208011880464,0.7537440956505417,0.48567030432605596,0.6070912171046045,0.7852796166767141,0.552169475312198,0.8997290184957627,0.42334907397963323,0.40735280567439147,0.5751534753184434,0.26106347727893264,0.8685507059853113,0.6834520807947554,0.2518802807197935,0.7144144526823744,3.5438066447753944,-0.11297835151537636
0.629843858212857,0.7145124200358491,0.7533342931682868,0.2616194443749063,0.24220798626151663,0.4200854863566897,0.17389559181158049,0.4261813676543048,0.8545449503159903,0.9310257442039986,-0.05949633057115687,0.5867000463488017,0.7309124256713455,0.5525965993528429,0.3345721256575681,-0.0720662391355978,0.5923514192617223,0.6874289291807657,1.030397200888843,0.7360497431422928,0.48379348971157365,0.629728139026483,0.6489728956014016,0.2946705426103729,0.6918222696208373,0.596208537727972,-0.012399011681138036,0.21139484156901636,0.6958203076517548,0.06301254470866736,3.3677770248002314,-0.13785983493483825
0.933559959008945,0.6267516263103678,0.8478580049345076,0.5579356774279842,0.2508357804098718,0.7582984035891404,0.3397799345021491,0.3000160997373441,0.5707280878375286,0.6147344324737576,0.7460765927006825,0.24105910385362667,0.026016117139362777,0.9309684742309859,0.7101717122494946,0.60555925924458,0.52039170299974,0.13069654323526217,0.779922644547532,0.7503869785137381,0.04118192105441072,0.8972964905844663,0.8086587803482534,0.5956076073662679,0.09113888344338011,0.11172975367138707,0.5064636126364586,0.85461179644939,0.7469428802285683,0.6556849700672436,2.9427173030294713,0.07502941824881598
0.8264475046374105,0.7274001052316282,0.1360615839984063,0.673552558354075,0.183782824056542,1.0737051213911513,0.269951066317242,0.5913640637251164,0.7573612922503509,0.4736425290554062,-0.13034364976813684,0.18890482211605136,0.5856210588010142,0.8814425717756327,0.818662164107624,-0.2364673708039864,0.17908470773032414,0.2627794070533104,0.3099545936258874,0.3605956125307705,1.0544159017533548,0.8168623462137702,0.162222500522766,0.21507335327739413,0.9426324488955209,0.21152528817496485,0.2986781217167121,0.8505782993811988,0.5696753043233732,-0.04937377311829803,3.987884969252093,-0.0991460297851432
0.8659318853018918,0.6795792472341402,0.40728928732856795,0.17093654057403507,0.3615790610240922,0.3150726104614523,0.34022832265483754,0.6833042759469403,0.6467721248031357,0.9538020832556886,0.5550970003487994,0.31905667681656186,0.3378386623381021,0.9998227701326585,0.4093585714838959,0.8532868347380345,0.8292758113425334,0.3840309083571622,0.8239257764653249,0.8996837020203855,0.7222378217749007,-0.05688209861755558,0.21134342518721022,0.29062716578534653,0.05599693405746427,0.6007056691084326,0.23045445202490838,0.9434448697792159,0.5510034319331525,0.5592499532826465,3.5029278387648413,-0.07128902241659515
0.6126305676359693,0.7634536578340776,1.06540456400134,0.416985612110301,0.39003634537438525,0.13985242070357043,0.7017707258196093,0.1317068703083294,0.9951575204156999,0.31644641698707165,0.19055342436269912,0.19397099793561612,0.5746414262358457,0.5622483993367471,0.7225952387699305,0.5625875022060247,0.12427707802948776,0.4260471682269257,0.9099295577184926,-0.061789056546462745,0.21754931549261955,0.25692061323444493,0.6646539501040143,0.6527742828601705,0.6022883454798105,0.7657745031164935,0.3606686708792504,0.6736893902902932,0.2590188931955961,0.7110410328092961,3.3915682074942244,-0.08573725155382397
0.5699408830506316,0.6455972256823438,0.3172290495159654,0.10947419888486853,0.9266949561245952,0.25469812266166336,0.288942979228564,0.7975470326699807,0.5205105658286022,0.3407233764258727,0.8890260495942698,0.8414966488117154,0.5608893202851725,0.14935700009625635,0.25026419748544493,0.12809816801124047,0.3552491776861156,0.4868497991279302,0.31882788911240134,0.6900320700874181,0.2567891169978268,0.7293314909334971,0.051138829093424945,0.05783676285433957,0.1616924930771892,0.3850464872300302,0.48777538998973746,0.5266934042294561,0.4071553659901838,0.37585827617948087,2.9780721056937147,0.14113360970548403
0.7867417592727706,0.9228597759122408,-0.01635357415167974,0.6776487637858348,0.9114948623007327,0.5552846668874338,0.6761661178072909,0.28074001090712564,0.16148756136986003,1.0307181116362094,0.6025248400189965,0.8406661625848483,0.5487812583770273,0.6724924243823727,0.4445860878152298,0.05012338585149587,0.6398696907182562,0.7466378970085882,0.13221112272792504,0.37838432399620653,0.30035516962203435,0.9454949324933607,0.7716906847379001,0.587303499719971,0.8196707223418279,0.6435524477588651,0.6021433558028485,0.8652881489519523,0.44253287711581163,0.4224267388238935,3.0699203939074238,-0.15386553258844865
0.6662558394232782,0.7264835717681386,0.8097924728460858,0.49905124196586276,0.6232061688925039,0.430016463036271,0.8463974273690255,0.06545380714696633,0.2584866370238608,0.8894164120346736,0.7966437143290866,0.7168800150503059,0.7094647344841769,0.8904890970399484,0.8855935411122501,0.8454062886377458,0.0713996181741783,0.4785992665797882,-0.006213860828002862,0.8813578447379025,0.7337994830171838,0.6472668742321128,0.0031364838313115706,0.1922291698416178,0.9462087799408588,0.4164213856825446,0.560760361367683,0.41919138744742945,0.8751670723932555,0.6725776715225956,4.0004682650975045,0.09795262092639663
0.8865160906525534,-0.06173462980699185,0.08794349904693552,1.0468810041093692,0.3049751869912136,0.497861605588796,0.7824443079471138,0.6589512915960299,0.25588803337205623,0.3327146840036563,0.3421329646648984,0.7064341646738391,0.7060767495101957,0.7006591112289933,0.5336586024959414,0.7284176917157257,0.6294349641527692,0.654855705961773,0.2522201550451772,0.4889953308301025,0.8963280099878931,0.1853373729482287,0.7439309605439816,0.04188976319166879,0.25687060200579576,0.16404439483513084,0.15955929460175727,0.19927448970050435,0.7540589940759406,0.42454706711241563,3.3322397525988183,0.13020469949506577
0.7967286297382359,0.6852272303080037,0.5416937143423328,0.7086749153734979,0.8448207150870086,-0.09592969592890842,0.32908898695801003,0.362344317657991,0.8325825050755111,0.7137133003664663,0.7828185091090727,0.5442027902109707,0.23189407066244494,0.4009597889447113,0.7348466414947398,0.04220726325689078,0.49847677985653377,0.863512867135288,0.6467170462739672,0.5265210915837799,0.06105277106714231,0.4503864217583511,1.0755221828206363,0.3922852652525131,0.5357404768974018,0.853336389643992,0.6690544414104562,0.8081544051393621,0.26593249541759945,0.7655630428414549,3.0973110471199727,-0.03067088730788985
0.7629034267658272,0.47938703586001813,0.543306255705615,0.34339416404523354,0.539557855644113,-0.00838996006093128,0.9336650468676778,1.123600283156131,0.3376746241100089,0.5818133847973341,0.9332487112351195,0.7718605179236889,0.5991948158550577,0.7614697867353807,0.39609938915696913,0.28751171676369136,1.0282268607231715,0.8000255388115687,0.12679137423253206,0.2730613225405329,0.6511899430024906,0.11342692775286721,0.5852831371198659,0.01214727390054704,0.9413430858020373,0.9185351069314329,0.04027230678598932,0.532687802923635,0.776153222875221,0.22872425905381535,3.475575642985772,0.030852003858398768
0.1334537914347077,0.4744365788232424,0.3931819997787156,0.8409648060391601,0.6395976689590759,0.23524112354524734,0.25030824816178954,0.09531809336354011,0.3463626503385457,0.7032898489026966,0.41713850964351945,0.5464653377513975,0.6495243630801796,0.3690133745378443,-0.08690526498730042,0.595663642738891,0.5102602496025086,0.418858716458714,0.8492607214573576,0.8208097059140029,0.9793995575849316,0.008168424601995357,0.23032213701597318,0.3377262177203212,-0.0016475769139360358,0.4380910085569687,1.0392476610720465,1.0177615729561291,0.20577076838629726,0.9900757531039237,3.551959079173987,-0.1386505568486653
0.013610295985572694,0.5100744666845428,0.5129316692129781,0.22336211527188843,0.8400931514919434,0.6228840051418637,1.0251827493690688,-0.07708216021865721,0.3699366034572978,0.2478464311197935,0.14839698358012543,0.14344206956188799,0.8961929016468672,0.549992710385286,0.3803640111738571,0.9285411010517007,0.7610030801820638,0.8839681807920889,1.0883612113874084,0.8757879042788925,0.09181451648424321,-0.038236194101844326,0.8805948002102335,0.30835348456312617,0.5054976053190164,0.3714888854177556,0.13775530036808392,0.8096176775567104,0.1703539641260398,0.8598276928559908,3.9487706676681085,-0.07848653891954206
0.5008453420077355,0.806172190449658,0.7659278797335691,-0.03219676659786884,0.4867667606037961,0.43522916301407644,1.0074917813254152,0.35703349403022866,0.24966780911844466,0.19742811032393476,0.31213589575455114,0.055385179275569005,0.7420050118737413,0.17590790506549991,0.1129711658005175,0.6400205923977405,0.7166548877843079,0.8684109479889596,0.6014965962578966,0.9427263203950756,0.0337283709327932,0.4968773639903631,0.8969750039789655,0.8199707706658346,0.8480436280286653,0.015067523888170224,0.02332253856759267,0.18133400270579295,0.5327812739991787,0.9147407379513761,4.221941882362704,0.005974990738611511
0.02964774306811587,-0.03473719045082432,0.6854126759862115,0.27832968521344664,0.17456754049499967,0.12471453195780594,0.6344006441503338,0.1663060040487482,0.8864744895437195,0.34413200203901173,0.23393976359252616,0.11744866631843823,0.295361124872885,0.5557663541542877,0.372119117989957,0.4988325904664974,1.0371150376905633,0.06568306971178893,0.31614654902318395,0.20164132708667307,0.7342084222160631,0.8640168072502625,0.5918471129621028,0.5836600513868342,0.2545460109854921,0.07697972325037757,0.9627520445548665,0.3313314415813986,0.9710095702431795,-0.015442889387223074,3.5612790404347296,-0.04439996229216984
0.7311632146886333,0.8910470790690329,0.2488861985016279,0.19583884604445417,0.27660921330429294,0.28999060952071454,0.24157381294082658,0.4450053918347697,0.4757712252032819,0.6860365954159778,0.8691807667345479,0.6277219339755274,0.1240462659579652,0.4280302423122414,0.40587229894458565,0.21427667311274665,0.2294929040180222,0.37229215088206247,0.19833687108525427,0.17304300072739598,0.9841178760857044,0.1653379473840753,0.781884323837979,0.2586891852126441,0.0882204418076159,0.2086942586295933,0.18554866968518213,0.8589301204107312,0.9939813261838029,0.7884830285973863,3.4093793762229176,0.029976513360533252
0.8606714144293696,0.483690013333369,0.6898485623317916,0.42982613829849253,0.2055304612520763,0.5278731301225432,0.2944344459060809,-0.07113872963051275,0.8695611637338909,0.558787439638683,0.505418829977017,0.00068287490400646,0.8311296930320071,0.23377337225827427,0.4523139838339838,0.9056222782120005,0.6827021311821463,0.39007790498700373,0.3822658317132207,0.753718628783514,0.7765711417017537,0.3281819280971198,0.5405538045058159,0.9209497634940522,0.9164843083800385,0.34090268255149325,0.05860725433742625,0.7738273473515462,0.32103731253875756,0.9190852439163913,3.233328372650608,-0.17629289127243117
0.32673700227118935,0.8975587285648189,0.41660554265371197,0.9682356448347648,0.6132347297087647,0.5081417340555109,0.8759342856681599,0.7190429367941192,0.2522901605660295,0.4532931304906355,0.2718319843215608,0.18640667142974318,0.8138179707648647,0.9195611442240059,0.03261760438057975,1.064624340935031,0.9254954446777546,0.8323807087549999,0.4669930174778259,0.5968285388235781,0.6748755542768243,0.18624152204850067,0.7005570593813661,0.9704131391401599,0.05134024717041723,0.27251140620072484,0.8967128607255775,0.01643847183948549,0.2102825334183384,0.3839630034166641,3.7976147960644195,0.17885307933881275
0.5603356832599418,0.8490715746928092,0.3297867001916838,-0.03563864593650966,0.8488986581316188,0.9956666344353102,0.25211613368797897,0.31759321180360717,0.3957375213655584,0.8769280670806565,-0.07152946351334186,0.30113591824902664,-0.009279493482419549,0.9029452733877793,0.5328517066132841,1.001263233276946,0.7111604663348445,0.6632599100309209,0.8507237523552421,0.6642756355873389,0.3657190421431772,0.744305002714987,0.505196330070042,0.7418858316789412,0.42757268588219,0.22454676385817116,0.7737000229772646,0.3372233225112519,0.43638344963011066,0.5215194724481462,3.6756574504106165,0.04118465139954708
0.049742883915268876,0.6773503867300374,1.0335985815314976,0.5232542599163575,0.1177500258022331,0.37381121084626234,0.8994273272908799,0.6305287135768544,0.1141563769162737,0.8005875479904552,0.6085402485023896,0.7932892753414126,0.9337909613307888,0.3598779622940271,0.8743427268058133,0.25720372597580066,0.4629608621041826,0.5829463792387007,0.5060069469783841,0.2847550055056898,1.0255494851177014,1.050691979954614,0.8435566274751728,0.618820102704571,0.6695962425838852,0.6880171735329755,0.24191876483975605,0.8921540579311303,0.3491605465540136,0.4673417745332932,3.457906325386848,0.0026707752029079793
0.7139803448007581,0.1273444952526702,0.47106883594993304,0.4630518122926149,0.28569221489254043,0.42291587978120493,0.362664432482056,0.3968090004223973,0.9054992744031913,0.5526975011311016,0.8863052633269035,0.9486821896465027,0.475329435926347,0.13836010215323424,0.21360623353499747,0.6271818468362349,0.4942991369783761,0.11081186609723098,0.3455475074888856,0.5542916305635216,0.6662400257371666,0.7970928379718994,0.4228070766989848,0.40831380105796405,0.4015357876060609,-0.09267487334307165,0.8733128120437228,0.6376761147106318,0.32073839692766526,0.695529986505432,2.7077213689014314,0.03484308732137569
0.47906706700415325,0.43789605237690066,0.0060488449031160935,0.1765452757939272,0.8557234502591913,0.4172075055836338,0.6418944498258399,0.7496635475065541,0.6939695792164261,0.4699756963439634,0.9101760907742771,0.44691692517533876,-0.045867549211543915,0.41647188921960865,0.6437962551961693,0.8523963646107483,0.32985439136754285,0.5867221782720881,0.1940218413299122,0.6229296952020498,0.5805423452057508,0.6288786824964383,0.02035898558136473,0.4830623991424862,0.4981458925121139,-0.0221486390160966,0.16049968598353503,0.005776414562504828,0.10249087990296243,0.6104730868954746,3.236223420206537,0.09620387485669592
0.5358570190618648,0.697098785808421,0.5154300874517099,0.9228182596761413,-0.010353977314227434,0.598980522939665,0.995827524346121,0.43501850834816974,0.5736393583842244,0.3996611237021688,0.8874882712922639,0.6927563337089866,0.2880358741803485,0.21833620421419014,0.8743496948154177,0.6066495355154022,0.40545350295479304,0.5118385029400583,1.0794038316280934,1.0182256698714802,-0.10401805834827739,0.21862082220753104,0.03376579064186862,0.004414431428568288,0.9225956981433014,0.21593727923053432,0.8476142327544545,0.08316475256930436,0.3341485085701426,0.5431553729870763,3.6250897570688454,-0.10541121904028253
0.1561235145419847,0.5095281669358829,0.7386352573519102,0.1544285705756297,0.2585639018415308,0.9779899052891584,0.12772475523123597,0.042179208941428736,0.6266661542469878,0.6279809914227554,0.2083959171795494,0.3816474135330653,0.6045116192219665,0.5390615003875834,-0.08407774218565792,0.6392173508862672,0.7133194528045336,0.8647556752118235,0.7806573258278154,0.04386366838609742,0.2427102612676475,0.4258517309563673,1.0439046176656464,0.5487512977207722,0.2158710679956559,-0.012995278331225213,0.5874255083142481,0.15376964755596095,0.4559840701779003,0.9877239500940893,3.676913813442108,-0.06101955974331888
0.11015083740339686,0.990904302345451,0.5065343473583747,0.15268689117483003,0.6349442186539226,0.11638293705872813,-0.01313548353513841,0.08103318954987693,0.3343414305409586,0.7514770974398884,0.5962632965825428,0.20196803045281808,0.3633394041978216,0.3666055934335687,0.21427932120330867,0.8800726263400384,0.42200034892832317,0.3172497372323996,-0.07099013917584251,0.38250123357499755,0.8348017825538671,0.11769046097758068,1.017601554727812,0.26116654500214437,0.7432497716724348,0.1608239489764286,-0.00816896306105512,1.0024895710936752,0.5230737047974449,0.5654202789275844,4.086670138336766,0.011665208325201305
0.28758245815431194,1.0023284713364908,0.8361283795482742,0.17647590941737368,0.730899001471196,0.818240126138148,0.5559013616566533,0.9406664464457561,0.4252645808676033,0.4882788354711424,0.49900544946204695,0.7645387179638936,0.25771279502181177,0.425217150331566,0.06418556442552559,0.6857947378368583,0.24910115406589212,0.22776903466948156,0.5064121696460955,0.45273961525070633,0.43475661967536977,0.21578457089852918,0.4491130382300064,0.9980700697479612,0.8394199054040357,0.41052990641270315,0.5411771052897222,0.26784361187034517,0.48200181730007524,0.4732777403764321,2.9039842361343737,-0.1849581037441602
0.3752438887983137,0.7380281548941525,0.25664737048919734,1.196953179030063,0.8265806936317467,0.7136833455982313,0.5291453608046212,0.09246774185627354,0.2660953366244646,0.8641660733291803,0.6153718931195684,0.9425769521563625,0.9152586187525443,0.44523104966862004,0.5793746279805262,0.4226953752463896,0.9311272440258359,0.7815120528803655,0.9920493824787824,0.39412524294646833,0.006197971549057145,0.9575604485858676,0.20395558663043442,0.08274825913113608,0.11140085848248471,0.7234393283019879,0.6973001274795146,0.8022193337242621,-0.08218973833096896,0.15381781702344405,3.9902697941584657,0.046105707303455236
0.5960060136367313,0.9833201290535876,0.5970724035566016,0.47753317626953945,0.7430510674748309,1.0132184214357438,0.20063580252329927,0.4436754093974986,0.9065281815561426,0.7392603644783036,0.8948235446697542,0.9028016148679421,0.4591718770634051,0.3815051194171284,0.27217227974600494,0.1982287035462973,0.803266812663613,0.6717402265774315,0.32029210781129613,0.9713422683292643,0.15727964065380093,0.20546502011226245,0.8603286707359479,0.24253677965069775,0.28437423260331574,-0.10220873985525247,0.1034617449143454,0.5311513780530913,0.16114030564193926,1.1323455686975776,3.4590361919535835,-0.03162205403680601
0.2370590438412632,0.3349569218021554,0.27395174965020563,0.4966201177172622,0.19643014425635819,0.8667362809750362,0.1508154654405089,0.6963502372420246,0.13503822010657013,0.10152804737040431,0.171559999399656,0.6010632453401037,0.5994929884888568,0.6530899210259691,0.5273537406436162,0.14569969420154807,0.7007593611927022,0.3285005973718905,-0.17169745001882972,-0.008376822950921632,0.3177351232051957,0.2592035934665395,0.39016943188218484,0.9826627510969439,0.8435675249448561,0.7401086415426874,0.6814761294769642,1.0710541974566241,0.39435106464085024,0.8003435748597959,3.538260363269237,-0.1061447144173273
0.8829611156489299,0.8911409494547943,0.0948251145134213,0.5976676042645098,0.46987015576102087,0.253253121657711,0.561036116191937,0.7951293025668782,0.8935792273451559,0.3638849385281334,0.4716323180817621,0.8517377230403025,0.3319942813048671,-0.042478450213867654,0.03034393930614812,0.9996442826803037,0.23003478003138458,0.5158402486734162,0.7477171206283039,0.8045448240687175,0.5782302227603295,0.6555931976480719,0.5490337834299991,0.9887996939172886,0.35541301174672435,0.8846475656179744,0.8917402695219785,0.580762185919404,0.10582184054358529,0.14951226444997498,3.6890011095182187,-0.11314963551500845
-0.1357726521188152,0.04760204181159938,0.7242739920798131,0.7848026076193877,0.09271419999132655,0.4392788982755039,0.7502633207845423,0.8815317238965691,0.4008196621635834,0.6268232126729845,0.4761772186808337,0.6672451895684617,0.5208913871862657,0.45369882104535164,0.36239853112947856,0.6783562241796345,0.3627155728021638,0.7158807612656396,-0.0334231044757904,-0.03165149749171156,0.3102907066265027,0.20883810577248843,0.8346722436165172,0.11981046901156646,0.06768244139935642,1.0211104073646422,0.18131587139535998,0.1981479790531629,-0.029165679275395838,0.24059789023471984,3.25201442493138,0.06592875322046342
0.28807307876992366,0.5516096037530456,0.041355285673558624,0.8898503466017379,0.37901561233737663,0.9917287754888058,0.49817330323592934,0.9368756665938641,0.6213082935382768,0.26601362600800527,0.9192275645644252,0.9418888228865977,0.9877845866876585,0.6457287738526595,0.922897736368355,0.9900561001942912,0.2825819150094189,0.9740375919550534,0.4536883373085945,0.5944559237748154,0.3223971432774181,0.8070959567194717,0.43248021401335823,0.20138004887111038,0.5500789971817888,0.4299650025976596,0.17095142830644128,0.4813899163142064,0.49397306507136374,0.2899480582936864,3.213013221204664,0.04393310255888627
0.693499328968705,0.1321600347046979,0.2941431217993197,0.841472946908483,1.1365440888818583,0.06361875391168852,0.21118195492960512,0.7206291635215184,0.6779845211589245,0.8213888490304246,0.1975712412582673,0.3313645675804153,0.30947965410017475,0.5053534589325016,0.38346410477833737,0.7450017629747965,0.30826062744587546,0.3122465673324122,0.9549429637386659,0.7537977206614142,0.9134909755762856,0.3242453679409974,0.3634319674656453,1.03790436433447,0.2546158321595282,0.28679698053971686,0.51407688895355,0.994106842305392,0.5905942100026857,0.20697578065537509,3.340738252377275,0.08195692033810459
0.4985593442377668,0.8040693423449989,0.30564780238372297,0.8347338224353404,0.5827517508639056,0.7086690242849152,1.0651335949595522,0.1016505838097432,0.8050124849301482,0.21882647758508947,0.25623356891068405,-0.06083099013605498,0.6598609692851727,0.30332513550069584,0.7697090010823612,0.6622496136538907,0.7366806054444258,-0.01860885056128153,0.5774877628194786,0.814397748045196,0.23973184951391954,0.7161685630217649,0.643574054043416,0.5820916978343877,0.22126624435836262,0.6659695448876242,0.5975119018551749,0.0256701421656392,0.7633252206513801,0.7196654770366372,3.602425123399766,0.14645590942821338
0.49612754805002013,0.8979134030808167,0.42116125392172526,1.0984468469465405,0.3789424656039192,0.7818210087113321,0.46041269628422316,0.4711641515053299,0.567287130561621,0.5188957026464734,0.35715738573753514,0.528891884663336,0.6555884907257291,0.8345330942049256,0.44294209689041275,0.4637571958659785,0.14015641748405747,0.8496930087586289,0.8118634283072256,0.6863909330643716,0.5380281002630911,0.24287511377499715,0.3559606243554095,0.5688821049239087,0.38945712711811187,0.24053695668075875,0.17831642080882626,1.0371274678363323,0.5607496833301708,0.7847848902663794,2.98051943741721,-0.0186776387595191
0.3368468862852314,0.11276075516487019,0.3733702486833354,0.24276283116784525,0.12174999239139304,0.00805710394640953,0.8098604420374476,0.2339661579230325,0.46457977963375896,0.5942028507004992,0.7398819540892189,0.6202939969964931,0.1971194571008311,0.8830442730446224,0.8014520494288377,0.5640456247694903,0.6991872225101337,0.44351962164260544,0.42431218017655303,0.4443035436955243,0.33042175759656456,0.16182363836843405,0.5135153564077919,0.7908067520520206,0.17811766372569798,0.23570414746641294,0.4265143898647316,0.3208079781360216,0.9314278329365115,0.4980183673490747,2.892063438002733,0.057313162528823375
0.988953585570967,0.033931171337670145,0.30687644177983503,0.5407287498181319,0.5662139587612725,0.5851214178971015,0.3329208129245727,-0.029066844558677654,1.0467557532912026,0.3609998836757645,0.09353066277200237,0.5044713253146187,0.9502325851921389,0.7098895902001114,0.1872195715226484,0.5958191283248122,0.18117807523052798,0.1353393005582281,0.6370066332077214,0.8314427714158439,0.9074352042184636,0.7570951702260016,0.38413922145851487,0.7346174910937524,0.6238054386446243,0.9446783921438751,0.6826630985665609,0.9185799058009176,0.37447146591800684,-0.032541987308295196,3.5176452551631643,-0.08383025830744682
0.910918712536797,0.35809892909712066,0.3459807606282874,0.2698641555783138,0.4603416574529596,0.2370737529035988,0.6456469320913688,0.13952860446561482,0.06992761844530998,0.8884044590399807,1.0064316894722032,0.019279855855180425,0.03235649178533667,0.1062820906075323,0.13110431822746688,0.21892019984529407,0.3689112467827731,0.644723388198637,0.9752684387507855,0.8083316960441296,0.3732391519013221,0.1313555525078535,0.6524213881322081,0.9193444946764904,0.5472208333013676,0.26465812879248685,0.31298303266553723,0.5119796314829235,0.10682405889210844,0.1143259414104564,3.474626988716088,-0.12375825828600587
1.0045088579193675,0.5092600142029994,0.6102763454215742,0.5392676405231457,0.2820262246252945,0.31985992277823266,0.14806225483070715,0.5400182920041483,0.5818821087346575,0.7684167192044826,0.9708902265338315,0.8056748188301319,-0.014518748949763058,0.1576697359791443,0.7024755384977374,0.4583150220138557,1.0594153728972877,0.753813495746054,0.43714370656844587,0.819841966294174,0.6992174609944191,0.6368628989212325,0.04699250387493479,0.7230230148713264,0.25719158124678254,0.23170582264386538,1.0180417176418506,0.3183411539395458,-0.002855950902991705,0.8656191410242403,3.165262006741519,0.1379374056270082
0.4010274097009514,-0.002490311725312666,0.6348753955216478,0.15048124022905807,0.915666453501481,0.10460195259134791,0.7077105425309853,0.7648749520109305,0.931918253570653,0.8684401604106169,1.0247609241262523,0.670242791871195,0.8571812601873456,0.35275795042889735,0.6074048104555781,0.22981249438866888,0.3868982522917583,0.7813832039124491,0.2064496077312498,0.8372559751669172,0.679182930329981,0.7696557542725782,0.16081756976733458,0.6991342266939509,0.26605825238084096,0.30891186997466874,0.5348854545624391,0.08867131478085491,0.32312892121765374,0.34614494927860306,3.5256500535163857,0.048509326128619766
0.09305623170417925,0.7474288828745675,0.2837795958024326,0.5180295354343787,0.2016990112306256,0.5811677060674951,0.5440089833659933,0.5838754990866499,0.7090483686693524,0.9651192479570815,0.30806774967097217,0.9540360329861118,0.11337416473956094,0.30765565546602336,0.4151293507497401,0.35660794217277536,0.28116260139044846,0.5938423792500582,0.0212267245877088,-0.038399022218790047,0.023523721223766482,0.21356118406522095,0.7327111700628341,0.1593483554709665,0.010267014426932897,0.21429497318993193,0.3251176660807221,0.6037673641385436,0.7989169305354311,0.8711386370298135,3.40689105412339,-0.01635828937610123
0.3131803309604556,0.4241332145489791,0.6783193804772473,0.522384579285099,0.11055912698573547,0.9777735474928887,0.07030975611162872,0.38621326644160864,0.3239956726296377,0.8068096541548998,0.057796692695382824,0.5806703131231763,0.88238486317562,0.24291434068609213,0.7247320434319487,0.9952317380794383,0.41072674147851607,0.28513286928123127,0.3236287213912846,0.508433250378076,0.32786973563076893,-0.06657161759619096,0.8493387921453436,0.4598216374734354,0.4402793507216705,0.6282289424298657,0.21426552996094114,0.3679665231653193,0.3350699539533153,0.7831133199269601,3.0620369092421584,0.003842250911982155
0.2605845835022915,0.3355462002450429,0.6540305799459214,0.8693550918307188,0.2235066276023609,0.254226988719037,0.3807316509421598,0.8747607148039044,0.5016726877346588,0.3325718172691855,0.22996748649203086,0.136420697144196,0.5240157574441394,0.26694683664794466,0.1740104017957938,0.2373892736760601,0.5395050830851665,0.21195596444133905,1.1013753903072265,0.9571927316828369,1.070663820593479,-0.009803201616954332,0.6667740360777147,1.0805525828565503,0.7860273737634219,0.11113130611303428,0.761329927258031,0.233487567414332,0.870077537035615,0.6113603276003877,3.8627041231760484,0.08259914621623116
0.669376013812521,0.970341376771525,0.2249530239328462,0.4490700786455288,0.6907080408890998,0.6126611246968364,0.7405609098776376,0.33175997139263874,0.5464254136589557,0.8512648136821228,0.4894512640533424,-0.18025674487698218,0.4297972035236551,0.8717332754443567,0.753860693121315,0.8548315023882932,0.03531488613408836,0.3308941790706503,0.75932226420776,0.17132435839356608,0.5062158804069893,0.028326724921754684,0.7733013685208607,0.2649164787350508,0.52265404979394,0.16432050303364357,1.1783403978743983,0.07133570438689572,0.07229171028569525,0.3575831863968238,3.9357104591302243,0.009994335353854836
0.9095589766811898,0.12002678783536705,-0.025497001710043155,-0.12199009156970164,0.3238470772079029,0.07056178369945092,0.8247674259584585,0.10655975485025822,0.9153249021540503,0.699968257875122,0.7498007862778515,0.27491513084917285,0.3592516477213545,-0.03455399476029364,0.22763369046991933,0.40220564838767336,0.9480143935164334,0.794522178344394,0.3090113536230194,0.6928678176273616,0.3654936648850009,-0.043984123891470855,0.9231866154726078,0.05823055394362162,0.4182772590600963,0.8428973982876553,0.2567988255743204,0.19274565420534356,0.25330948695174244,0.23198278601716596,3.213612162341632,0.0963734204527139
0.2716941618879525,0.8450837905428826,0.7815007080335709,0.3557751142205915,1.0615346253684255,0.0822656029312738,0.21222011140970148,0.48811246407233133,0.876977076924935,0.47025179906345327,0.4147698639297729,0.6925212698133494,0.6512952822539217,0.7047290885471392,0.21290297085567483,0.06402025123624239,0.28058340564444706,0.09221810688398795,0.8542454824002867,0.1798584371279694,0.8739195696626831,1.0095160779904078,0.3690259409119956,-0.09372474159976549,0.3706410236272628,0.3119057563290385,0.4624932095340329,0.6126965612032532,0.6301747704646978,0.8487814586428132,3.3056071245996286,0.03928250818998212
0.9118609822212198,0.2290325664814853,0.4706782744622757,0.29160395927839433,0.23240209029789566,0.17957121393248388,1.016164262475741,-0.11713890661068646,0.8162119235615575,0.531061856698487,0.3510412819108366,1.0313576801807973,-0.016313128171236146,0.29216256908518584,0.35056477408643333,0.7199320707941157,0.49758337205648956,0.38955180553415003,0.4613565921910826,0.6777800281055719,0.28552339391391846,0.7701232928155466,0.46000553320391324,0.20133894068009286,0.6554120379425143,0.5066950458201236,0.654977021246432,0.7161553995474422,0.7021057772967032,0.9304167521483162,2.635731806838179,-0.005077879637245417
0.07227261500919524,0.6028679772492471,0.054610915632674534,0.612059364120201,0.07604533198779256,-0.1367332038080954,0.02237397868845428,0.17748923584638343,0.9603283217394957,0.5457980985515003,-0.0037717025319762287,0.26915036855899804,0.3525678774408952,0.3558702936991593,0.38940499430254366,0.5925777461131223,0.6171271515687561,1.0798970555679996,0.9599553596008491,0.2461493580382479,0.025805599952539338,0.666548035393089,0.36060036599254164,0.4955467438014224,1.0030465158587032,0.8943299219248035,0.3936289125520924,0.7951728854323823,0.13246980331014274,0.5796403068027127,3.6123356528586665,0.006326477893952658
1.0850081460456296,0.28756001922156094,0.9132732987408544,0.5456108746732893,0.5486778837174972,0.21638674379813272,0.6476657545463064,0.19986769887714553,0.7535187031506396,0.4121484372058155,0.3675844856392025,0.9329612034026841,0.8095779174626365,0.7398126010427847,0.9950534753965263,0.8307025927427357,0.11971103262856597,0.29392682966926326,0.28107068835621885,0.11908944483622497,0.8432100319987513,0.317607563340851,0.74806994480786,0.3517404113115048,0.9455489533476027,0.8415439428902833,0.39466496362101855,0.6752404808284578,0.9721289815489182,0.06518555530905523,3.340599441142544,0.16874967718931771
0.3104190567510129,0.6881222974798427,0.590275798944572,0.7714088292167848,0.285619805170405,0.34277870330425547,0.5572468874565618,0.5699896843964966,0.5452975695734551,0.8658338392244826,0.18906929680331336,0.2334632313373377,0.8116399572375188,0.39624479891565223,0.950714656658363,0.255627314996623,0.42202235973856295,0.02968971325220531,0.8115490794217443,0.8644077796907694,0.24424105659683965,0.7281898429959007,0.03530033635449892,0.43165763639767846,0.4818341197032343,0.4886961069467311,0.9993955029317206,0.5815192888307621,0.512416425761424,0.37996733548991946,3.0384255287918847,0.15255509366059755
1.006271789890234,0.3311882501227701,0.061625454623556356,0.3825033930514241,0.2564732847954117,1.0075261472022754,0.5430152413282315,0.7514885339537987,0.9240742731395905,0.5916729096283873,0.2449289176468385,0.38337994849291823,0.6219896158768526,0.2543815061925383,0.758109118224484,-0.03401465287635008,0.5806584217447601,0.20480501327749367,-0.09960986455517258,0.45730884299797714,0.7304548902494317,0.534210618109432,0.24707077368238173,0.9054185685146988,1.0154532992167578,0.39816948380870276,0.4444264588773931,0.9116249463817292,0.20913422036541562,1.1259988962712706,3.237435693500494,0.09591035811271754
0.9474079589134317,0.9139745371818702,0.5027924539659417,0.1433807605121017,0.27359146862747336,0.07304832669471417,0.48308192633588165,0.8557428251981067,0.5210450277262145,0.8611530149195188,0.49728475649473547,0.22779303225966027,0.4128699567199587,0.5504785214530064,0.740146316860251,0.9265200683136341,0.3923171122741732,0.8193545453720049,0.5422037975028164,0.813248662036606,0.6305014799202706,0.17551715916756994,0.7026200248584858,0.374638541736439,0.856037080791717,0.4483750203785602,0.6371968516529742,0.18398647213145986,0.0010195075799413894,0.5945168099488541,3.2657499776003136,0.024649221277569675
0.8114942696421716,0.61668883722092,0.40349745361642925,0.25405424484487965,0.7458015286729552,0.7398644697094587,0.0618269444036956,1.0203940111012009,0.7650105123545254,0.32053953970056315,0.35145102176688253,-0.0034257859308464422,0.5690426308074913,-0.02978672413176847,0.37648498862863566,0.8965938465747472,0.40766893767034507,0.5865340194561526,0.16425777100918482,0.37908185172589826,0.5456066004448732,0.08195332108100295,0.6540979749666337,-0.05546791051001278,0.8580749272383964,0.4278842628611952,0.8597524653590431,0.7306463940339535,0.7338630750273464,0.8795029116131715,2.945972714250394,0.05962351747293241
0.16164269128100406,0.3069368087137587,0.43929444379150817,0.02934495085505819,0.8890335494368004,0.18407645157957045,0.33280981413873956,0.22707862446877372,0.8694484524700253,0.19153073539024662,0.5238691432658995,0.9993268155846466,0.2424742525139188,0.3524838546608969,0.10374836898883363,0.9499646111204892,0.7928079271195676,0.1863646777283796,0.4575191915785774,1.0231002146222246,0.8009534946043331,0.3104056502625515,0.8392899348365743,0.04498694573186389,0.827445385171209,0.2266132297450712,0.4854767244882113,0.19980375054039068,0.5514371471319343,0.5554947909748529,3.406671516313982,-0.10840598570051758
0.5401942602172896,0.6401624516530152,0.25715656668733206,0.5106790080330307,0.5509061221112324,0.250609390776801,0.9137851400399578,0.1239480628171597,0.9313162855619572,0.8906206870412667,0.16247884473198793,0.41984366555378494,0.3625612757548374,0.49316500519661044,0.39731902160025095,0.3297686705501365,0.9411856255173944,0.10686932805423703,0.5837894616219501,0.38883536195717744,0.30616566966194086,0.42252457724667974,0.15053241427438957,0.17239834484579242,0.5037801845802914,0.6866960012117235,0.21665609925311985,0.25224430688985133,0.25704092246226107,0.4356116890590544,3.093356550137345,-0.05090691772413269
0.07073366925453549,0.020378035901973297,0.6357516126663774,0.7325309531449776,0.8290930006446212,0.4835276865486674,0.04899205507074084,-0.046015871753030624,0.5293626802255513,0.03561847428553264,0.8014324748507948,-0.049043371501476044,0.36585442613319274,0.14228651419657518,0.9057651710278252,0.6799644043293983,0.08054120562750705,0.7491783026016652,0.3786581820102794,0.6830573337768195,0.6843690942012832,0.57158957629924,0.17003285668319892,0.39555364360513584,0.8479875738718542,0.7925576969265533,0.8562110682503516,0.21319117760595063,0.7068058872302339,0.4106006905736545,3.557343040540294,-0.08777885243378086
0.998627419328395,0.22998800787233376,0.8471362178202383,0.6159649461667009,0.6015714715125613,0.2864402547906762,0.7120663276808773,0.5903502444500042,0.3889767684450345,0.35874267039118013,0.9398164096163774,0.2483787924027207,0.622220673961908,0.16450789501001822,0.44271184910360706,0.7176487638244728,0.15873359562234202,0.559086675270773,0.3456892338469081,0.7056764216166284,0.8039842238062817,0.5943277056146954,0.5066311120485673,1.1074175588159616,0.22265168851899045,0.5490105973977824,0.9022842774669803,0.12828356515090425,0.11608438980186736,0.8375039625519778,3.160606856507204,0.14601375028746055
0.7561517273279056,-0.010219425071602513,0.5829110875635579,0.6544554633760296,0.5327091793095663,0.6227117486034822,0.5146877948677165,0.302303311896461,0.5392055971128492,0.2098820451463209,0.7674561792148094,0.7945268210863389,0.15565624926371074,0.8891085170703866,0.019103758852788567,0.03666986172342601,0.5592834293940817,1.1257541161238556,0.27848303708463207,0.961815160441611,0.9091012816168295,0.9093226148849125,0.5329552829774054,0.9261669635468633,0.2023338968774884,0.7069804817074101,0.8483129166972729,0.5521696598948327,0.3374878695107502,0.31624497163644816,3.1833526191333594,-0.1500977634133793
0.05397617024814319,0.14149888889053303,0.37276319254384244,0.7355251503216875,0.5395510756924567,0.0326657812608131,0.9975370128908214,0.8866228329773447,0.9438042856046696,0.8709442372925457,0.7959291837366229,0.6141492506846601,0.7963178275091751,0.33544787040156565,0.2659941254369893,0.8613982445261842,0.805230439539818,0.38992876811652694,0.503729759630226,0.7460354295421685,0.5700077084024036,0.2996525805023356,0.9510999677416144,0.8875078762254829,0.6203410325804565,0.805752936170591,0.7984250814083065,0.12546170822938446,0.25560410078446166,0.242919455162934,3.6605555035337733,-0.07348942993688351
0.47586947934417184,0.4922827908846995,0.7877901273230244,0.6192520437154738,0.33085808824189455,0.19772412463618116,0.48568733092295835,0.45760348241093485,0.8368265149173347,0.6868992015028487,0.9279719460361352,0.5426911037732168,0.11058690569121488,0.12129763236710384,0.2790488714100063,0.8465214611090519,0.3282146141286951,0.35125539413122464,-0.00179295395786305,0.23808134089417762,0.39688363483776345,0.2519065126445656,0.4714059766496612,0.3439146807892058,0.9208715622267526,0.8700843455191596,0.459193037223252,0.6605235862984377,0.36991417026407164,0.5229229844976615,2.8420192262023543,-0.11371574205656619
0.734225712520302,0.9060538421766182,0.6261176444485871,0.5624154999036136,1.039135142637027,0.14385629010994733,-0.10517283401459199,0.500682914205338,0.0625266405909131,1.0093431172588767,0.8134071382738178,0.9705788072676351,0.8969482319015025,0.5023915636496193,0.7171432765035396,0.8836278727842062,-0.07438446276051003,0.2992668084481841,0.11915166285797896,0.689595842405415,0.1645152158700438,0.4532484476796977,0.674625100654191,0.8907639218447695,1.148457054861931,0.514566568514368,0.7637477898733287,0.1400873413508263,0.8755955304384356,0.04249416707748788,3.949987690834967,-0.06239078097915352
0.10988556269097985,0.5332716716565842,0.10830717010018333,0.29654684918383256,0.31748766839817383,0.9863371440402151,0.9081475837129941,0.3259402977589013,0.9198865053622203,0.900595440517247,0.49236972755770736,0.1155504682607847,0.8337669161344934,0.7542205106499017,0.7753819676764917,0.08026588060779197,0.647491955443305,0.8192524490753033,0.48003062731415613,0.17853663732132105,-0.02649819336161824,0.048981347725151725,0.005694630406023887,0.8457551074464095,0.7008603445197911,0.7858538584636122,0.19283380774065645,0.8111640172790286,0.4079815906027169,0.28288559557989007,3.4708054377070847,0.027990571850573423
0.6914043153922571,-0.028699689175153024,0.8356585977334142,0.4697825262104395,0.19438054392177218,0.8021727433984139,0.30296803060340455,0.49353107693570974,0.786784146890644,0.408503287912136,0.3108790884184142,0.45309457925177876,0.37898216551656994,1.0311844420792562,0.636499415978686,0.32451655164573046,0.21160870664130413,0.24345798871460617,0.5776628574684236,0.46352590662432114,0.5729110869184076,0.8752482413800826,0.4395728415296687,0.24803939356870153,0.6847533602605446,0.7488417679079553,0.6397324252429509,-0.07279251203452429,0.7186244425963905,0.8798889469418052,2.680998396572344,-0.018846140236325592
0.7574225895994592,0.43444538144495265,0.2889775401509253,0.8100766363416854,0.9477852035216361,0.9652783108306837,0.6484051883865305,0.5929810511958872,0.8374118526489484,0.8523717596272686,0.44646103760029276,0.8053683070143819,0.8214821499011391,0.7674894739250593,0.5928788704420667,0.08320001375974287,-0.006260293929342395,0.409496625988334,0.7170184663401648,0.3942738488867667,1.1238575228636076,0.5400896979650889,0.6359571200299508,0.24286149620408276,0.6132349814706402,0.902983996038873,0.43385757415059806,0.5668281475242474,0.7404363545857092,0.06840591043831802,3.6089150321054677,0.08327381449221288
1.0297059995101858,0.4379425443124127,0.22952467097554735,0.3301598118159239,0.9513101920368128,0.6151413576116008,0.4495029583803788,0.19371765446323624,0.306396643251455,0.7364128689707877,0.9290323777813337,0.7076447807857563,0.43391667236426185,0.8033541520240897,0.7789087055126619,0.7282909901291974,0.7191902207163106,0.35101318399918746,0.5880541421506059,0.5486293919836889,0.9512114735073204,1.11821063740126,0.7999663609806166,0.6423723799170302,0.3348902147389496,0.666529713949409,0.7309104209914726,0.5581523123824238,0.7013225541901819,0.21275241989599705,2.548797690230568,0.2757520137541851
0.22879167504461118,0.6560918139484474,0.6616711586375004,0.8549750691857143,0.3663663094118259,0.13118115493765042,0.7442340019633077,0.41782959067393693,0.5037457124372524,0.16046993337756857,0.687337213355877,0.16798989135754583,0.575078099201547,0.00182633530110686,0.46991985694323685,0.8490769592537243,0.4797435517485782,0.09683966141281317,0.7014064360757756,0.43609601981433926,0.09223363312499147,0.026282508597102183,0.3140349672399375,0.799903124707703,0.305514429062681,0.9506043636806663,0.2791592731919781,1.1626265046903148,0.2394752866450082,0.3951822059485638,3.254211911662625,-0.16782669225867944
0.074251336836421,-0.07622478085809462,0.11717031848986283,0.571574847878319,0.8872005654237115,0.8497261764312368,0.584611093402698,0.44002184544064316,1.0966319908028757,0.20668521528352957,0.043396291470587794,0.012367522382937401,0.16791871217242266,1.2475904809208158,0.13736026477015525,0.3194236192598528,0.7734331088557687,0.5401728272221681,0.24039496593291412,0.5080572930866878,1.0554070280114978,0.9661296735773572,0.2181352825497536,0.9407610440032101,0.37474796891591505,-0.048761560499123675,0.9707894320271946,0.6457857540153911,1.1357944540201426,0.3534574370856521,4.5576950812286015,-0.048970407922879766
0.19186945421730725,0.7159268997347542,0.5615688878027177,0.4106966390695053,0.8651718345682357,0.5864756099792919,0.9818717391424422,0.7924364394030029,0.4158342993095962,0.7396717841389442,0.18188516673899072,0.9213767979814895,0.9665693887610985,1.0052995056604106,0.9596838470430638,0.35521758039741935,0.6485367099391967,0.43964330624521,0.08602292207232487,0.3437538246450052,0.9005209923034905,0.6753829775065269,0.7474414820141632,0.9581085685228179,0.3515721494313326,0.9583393309580039,0.8341924996247875,0.8642575745562232,0.5307924716306883,0.16178770247907318,3.6703315470457785,0.07227073893954186
0.8901667621271617,0.8756743552127148,0.18223273737730777,0.265331472260383,0.7339156906247875,0.543952775637974,0.14466436355359094,0.1571319680813012,0.1467036467002622,0.8959036623771844,0.25749203091322526,0.4495631386231036,0.5925054429300943,0.813935348867034,0.25430659229505415,0.9449218249824285,0.5791451320144604,0.7026262479972865,0.6015967774094022,0.43856995306167956,0.44469407719585974,0.46991387590157707,0.6697995040360164,0.8530567686807016,0.2643895190975093,0.6910755050357081,0.02788649364091531,0.5986568093501744,0.16109088506001973,0.156910295702045,3.4534680152926627,0.07798969665993916
0.10695734553565969,0.8009864891512957,0.8960570570192846,0.3294280173681065,0.7523305224653765,0.23150995102558436,0.93558988221837,0.3603860196855194,1.141333821332967,0.7722119267393498,0.6066137645569418,0.35222107153506726,0.041346513218182966,0.5671812173855686,0.9818823557939553,-0.20310225710682883,0.3179197291478123,0.5031724783843541,0.22684142552512976,0.8061519422385099,-0.09103051679882491,0.8304701909437574,0.682369951488172,0.1720219918195049,0.47766699101068527,0.4114415232766426,0.6283520532801683,0.11236396451053465,0.8978996182734676,0.5554202572623695,3.3386837654430264,-0.024431344283370116
0.4866159004458981,0.6419138959076969,0.5583097061294923,0.10479241193588913,0.7492948977296886,0.5746567897092009,0.08652754446324053,0.2151958971635791,0.36381875080838255,0.4464096875737612,0.4332482939267412,0.9085212578300339,0.375034603581568,0.5080181018841842,0.5124172370190926,0.47140201775662127,0.24880419922404318,-0.11262147452368237,0.6106425424843221,1.0123299050383958,0.6023344136196679,0.020403210002839716,0.45743004572087176,0.7974060291490992,0.8505865273331479,0.08273899338609725,-0.112536460201319,0.4644938511284559,0.30228544305531835,-0.10091439180572609,3.0399227152026955,0.15282200791635014
0.45131259908278465,0.8342390546717222,0.28909323487479954,0.8907038944711945,0.3869262907031389,0.6274431651929997,0.5107466181477485,-0.1753884088911261,1.015575777222535,0.6464780261914447,0.04833158006234834,0.9128076840565457,0.39126068174392076,0.17259372557247038,0.491085725987572,0.5054254651872321,0.6302216211895522,1.0200607663162968,0.9864524166669875,0.07935891534533024,0.9784339861655532,0.9024205653658202,0.6356737926986307,0.29807159724387894,0.8325800799659782,0.6672045396821349,0.7203084572183593,-0.07346609088164335,0.5395551215099947,0.9005857703359502,4.119147182749703,0.12160447972971913
0.5321411987318493,0.7784564588161857,0.6170456292598967,0.532137804275992,0.027371122213249915,0.4172638562440919,0.9407544536052401,0.5325982869711339,1.025772370356872,0.4823703579682552,0.5114962260786037,0.5709958446615785,0.8635629497619967,0.41165462364741834,0.4865045610926934,0.5091394090073521,0.3543446572347691,0.6705946692916754,0.6521829292475968,0.413092727591013,0.6231261270479481,0.7433102924563781,0.7916533189190489,0.39822042667526536,1.1185615551329489,0.5058939166800283,0.9428073859205637,0.23718548835688358,0.300096242994162,0.8508677483347131,3.0231514216599615,0.07147186800248335
0.9443191129414317,1.0077784473395048,0.42397292197723535,1.0071829899342872,-0.007507546598709509,0.03527381592731324,0.9186137499528283,0.21686766494768928,0.21301424721166218,0.6852636727689951,0.44954085289742196,1.0105543292094519,0.4735570119867729,0.5873882247926872,0.7439307577985209,0.579214744467258,0.6090107338024382,0.718541561323416,0.22154339123336564,0.8657864261506028,1.0885649772339112,0.7712752489679534,0.7480649415298704,0.29709960393063684,0.04555736172195329,0.4551413977669515,1.0717953250532486,0.4831546759189497,1.089488177814156,0.449254201529013,3.546440350710235,-0.020375847511781335
0.8900102603082719,0.4934208284579435,0.26803019257514415,1.0496104087504925,0.4976710482947019,0.6993349381809761,0.2904304806518127,0.9146931521676507,0.2785381253733302,0.7767778179869407,0.475186625194858,0.8611671296626281,-0.0027848480926950248,0.26749938550721375,0.255409867016597,0.5120197700773985,0.7615265527232273,0.3135118332378511,0.7528531844957037,0.3688456898284249,0.6120377668727847,0.5659940927362959,0.9271230325489361,0.47211750501521377,0.8739262282806919,0.23259078757046392,0.16100230560974302,0.4672382604739957,0.38051679526305127,0.653430185000733,2.88684022856386,-0.05434993719448509
0.5006400159758807,0.6655315375877731,0.9599917624972134,0.7281369585221875,0.5053551942280872,0.4132562943305653,0.02249238126688006,0.486040700984355,-0.01575905623048156,0.34719439379499056,0.41227931786699845,0.33251399452808467,0.16890311727337262,0.4158931492942005,0.9297910234461498,0.26123592666969164,0.26953034312009777,0.006433791827273848,0.8540840648356207,0.5412879113558794,0.5715106092434725,0.7553151865187366,0.8110872608184441,0.8197445718341699,0.44968825710367677,0.15921520356571156,0.8681760633239612,0.8565617132418385,0.842872721396412,0.27749476505625914,3.2818375773340405,-0.08562832816708715
0.22832415944052015,0.21952549288079398,0.4864645453133142,0.8754533560585311,0.21377863697795038,0.6933184776640987,1.0821195766449716,0.181650346465961,0.7809731851492152,0.944356347734106,0.515430066409826,0.5419843681077933,0.9016769067764814,0.5743506210885273,0.6297073845287817,0.8460668335743922,0.8620242970879041,0.5547305787105253,0.5905650630233145,-0.023594998565365732,0.1021567033295355,0.8838234890717439,0.8925436064679491,0.2898142143233198,1.1074017851948021,0.2535280558473615,0.5594379502021893,0.07724537901461312,0.4272627364610866,0.8573734198053754,3.00566184994431,-0.02072111225062591
0.395650111908274,0.37912093777408173,0.47843335922607577,0.3759168109310448,0.6475041564065588,0.889230342847584,0.19454596537374147,0.05975681636914443,0.22201066942914238,0.23744608220196528,0.41029587825642005,0.7108434338117592,0.7725238454161907,-0.07371690635548617,-0.060685805348981686,0.7187663619385278,0.05494482316723299,0.418209446883964,1.021645857084832,0.7239636954087109,0.6398093497283155,0.7260514770934912,0.6653913019603621,0.4198131928528657,0.5409887751319242,0.013490362647101822,0.026936232493432397,0.00014198195065040498,0.6865779431087304,0.16839655740573517,3.2902462684864537,-0.054304293091517936
0.603459579186594,0.6703117054709891,0.2887325083435398,0.2334805221729637,0.05624211467774473,0.9728803076735433,0.10239303437037717,0.32857292313070796,0.9727793863064159,0.8411678230718171,0.43851328754408536,0.5948438522370725,-0.016164242479344143,0.5145096533286364,0.8345934552636103,0.7293519202956574,0.3518819610008269,0.04425594871673541,0.9228339299302456,0.9719989897433507,1.052359970464206,0.4189767778064778,0.026864065725447122,0.8039918762634399,0.5322910580435221,0.27580044029164097,0.9294701915903535,0.43332536895419255,0.9071630685950097,0.18116738443618108,3.864930646333511,-0.1600588759984574
0.13528622696341225,0.20692056327525765,0.7190245380114488,0.06500821806272833,0.3235130525799219,0.6770698327920428,0.44963656788310596,0.5433750476637774,0.6102470068540733,0.5989765036552467,0.04432736580368936,0.5889076761903147,0.9759522736848626,0.14639560389588382,-0.005758405507386183,0.21444668465669056,0.08030958214470732,0.37628696813683016,0.08766726391038068,0.6481449640440973,0.6784416162434901,0.04487203718080433,0.050924466664596685,0.866607225727667,0.12917299910260507,0.5598235316134177,0.04265857865096759,0.6889227206810056,0.7474187595538156,0.7309834763490343,3.314572273355888,-0.17535785840186058
0.4090104287569102,0.05740634339768021,0.4870151549666478,0.926485384687751,0.6501982483462728,0.19811921715348024,0.3233825716205526,0.82420974169364,0.5276348975268536,0.990529921093184,-0.07794275089611231,0.07306231628428042,0.7181711392699119,0.6488268301859643,0.2962791897267716,0.05302634824296017,0.26901489822551766,0.060752942584059506,0.7771372967072155,0.6077912093970581,0.9245211564572016,0.4987216700183749,0.5953836756147477,0.008551404648575359,0.39377813486416846,0.9270131725276217,0.44726791423420537,0.11249726721936666,0.29168440030086656,0.6396446282886536,3.5318576929203003,-0.041634040502056706
0.4511946012569453,0.6557675960822296,0.1115916890327823,0.22771354860984674,0.37995810438356725,0.7518019359005474,0.8497680335199316,0.5489450783229795,0.7575479448653278,0.12811976568034641,0.32012900212916545,0.014488286009408408,0.1418484689551561,0.6061734893796884,0.5318243142595489,0.9553926912761149,0.7765918308936374,0.43756983908161895,0.5128317046771361,0.5079033431519113,0.20809899427827305,0.7706282581241399,0.7802547461399196,0.42167306224537887,0.7739153870731807,-0.06878284467852008,1.0309959288583408,1.039938657473378,0.44743383754030563,1.0553502585384005,3.0825386395304064,-0.17596553210082913
0.041811223227660385,0.9163606204808503,0.5981693151195785,0.6830902590174683,-0.04939065636073961,0.4291780726295158,0.08549470482731,0.1827095997470011,0.5515489720970835,-0.043473020046571054,0.8900146633130381,0.21740941465384428,0.8148976008656551,0.612054981588824,0.982138954044105,0.3232111050591765,0.8285964780691213,0.7610440358800916,0.2324771101720309,0.08268093702210372,0.5439732746167849,0.11069888594486912,1.0104907185745517,0.08088796898490633,0.16712660357434636,0.18625834710597836,0.7698354877564476,0.07571527737692872,0.7175126801595186,0.2834978751648207,4.2306257596239325,0.029490936839834038
0.2712838696005275,0.7575371205010113,0.43447064344331715,0.6162163020826525,0.7940720081900293,0.7942726687770651,0.2025166319696488,1.0138566359740813,-0.0762163642726516,0.6344584051645893,0.2754762198857246,-0.07699946341612189,0.5260040640356884,1.0139040258319572,0.6992497586640666,0.2475686014431719,0.005838679941588279,0.6749972891908772,0.8093569622832829,0.3144272073414355,0.45825479721951784,0.6948189787546476,1.0955987153548032,0.8209916695180028,0.28608938459684696,0.47050013338308433,0.1666234431540849,0.012906005539381732,0.22739214862513105,1.029562258706838,3.4498414780020528,0.030614009462114806
0.6048761415048786,0.14845122041080816,0.42002242538570567,0.19309980481438568,0.49570315749627636,0.4493481962616649,-0.06003068234700354,0.8113251705630325,-0.04477706917459924,0.8984986081821955,0.40012952161608284,0.8712331391651995,0.2811719316008895,0.06839659020745546,-0.06597457424332996,-0.08882088107127775,0.7780448344603818,1.0255374766423149,0.8555137370040721,1.0349010814387,0.6749676718685103,0.06485630176677301,0.6253779961559891,1.1365001589572077,0.507973622711275,0.23834022863040527,0.9690004108057835,0.36584957928008177,0.6808114501835396,0.2249707888813366,4.09884666004587,0.19999871476871345
-0.08524858205923752,1.0823934481857918,0.15776736030713998,0.8413185371579842,0.3444985849637762,0.7336985491685558,0.27224039557363233,1.030636557771983,0.541974690332394,0.7534858768381637,-0.0450227186149323,0.9517475124402441,0.8169725109226141,1.1055418767371343,0.3982382960111679,0.05420706688127598,0.46854223053799615,0.26332555903106003,0.8998587064102097,1.048832401699063,0.9019296133655932,1.0263042862847103,0.285800991964676,0.8799348356056385,0.16881061563732097,0.20882645674727562,0.7745782202135268,0.6493783947212965,0.8218305512587938,0.3938118862423392,4.16193677965398,-0.12091306036965488
0.5149214465555778,0.45295457772903025,0.4347209442429042,0.9315147619553531,0.379115378186763,0.9083348514286301,0.716626840910952,0.15076498860622672,0.34825415597543635,0.6548604139383012,0.240152069182868,0.16337615419281334,1.0033960704722,0.5904313579300418,0.49358434709140475,0.32899142103417534,-0.0509631072760383,0.6668729949660597,0.3562756333081854,0.5187823869639133,0.4888748636992637,0.9129209384543949,0.650675820837409,0.24610440920123103,0.23960428532947337,0.9542786683781842,0.5147094596269103,0.1454654167813774,0.869905120498649,0.13240104592848695,3.540922760732862,0.07564890671161482
-0.04538886334909253,0.34719906610256046,0.7103895523101966,0.184127253622629,0.7800193347111909,0.08906328730159567,0.2291580089066086,-0.18305160976419996,0.25135665571601884,0.21205271604972475,0.11776436060559708,0.34460215601205957,0.8189141669923563,0.941684923914612,0.8222436313054928,0.5040662558536786,0.8184847027361285,0.3361394449824344,0.9260352127256862,0.5335410200433284,0.6849971809736111,0.5878017985937997,1.1299608368501548,0.0774930425516826,0.4433944795723248,0.6929516531593067,0.28223075290878613,0.5063176300690593,0.23636989490214444,0.17870279343787956,3.900300172049073,0.09965750814749688
0.8846170747693541,0.26751836936186235,0.20261962481570484,0.2773536669471585,0.06841472343676808,0.21703081083635117,0.2501764435302205,0.21215061676454083,0.4648554577873158,0.37127111204278024,0.14771422155484268,0.5014451638273136,-0.12737982007680598,0.8470222918685208,0.695544644900123,0.5746158082064781,0.8212358719500067,0.41313506520651677,0.08335702143954363,0.03729988263593188,0.4832401449930184,0.33680091689424524,0.17340570563372237,0.26257990702482475,0.41302722036492784,0.28005578981135154,0.5679783384327269,0.06562463173265967,0.8036036753367912,0.4485124576598157,2.584184231723502,-0.015831201528509895
0.4227155759434487,0.3913500823380796,0.12523605839321023,0.7001320661956515,0.9461680797739729,0.6808116542396832,0.5318082515117525,0.29408459968498196,0.5240656429285104,0.12778821822595776,-0.007047772069732422,0.30657617340083015,0.9979721325514221,0.024001598163830712,0.4058196385395589,0.7438064357171883,0.32118815539446866,0.7665174969347026,0.017059932644576267,0.23749490836154064,0.6904611564073868,0.46785952000430686,0.47724533325130214,0.15045427401801034,0.5048101886950569,0.9312686870946306,0.7288972439781733,0.13283225689270428,0.9534644421901559,0.7492614160352289,3.3113482539988546,-0.01312189565253488
0.10538313093516304,0.5139468794645063,0.6835949286346269,0.06688397743060834,0.8888369237530228,0.649806119062789,0.25251550029378633,0.14856564486921775,0.2778563275626604,0.5026192657858253,1.0214201227275364,0.1547267917527502,0.7956666654059553,0.9501465908462196,0.6726921709200089,0.06584599420328972,0.740397804405956,0.4106367593085626,0.47099278190593236,0.2932886982003094,0.12713844247530043,1.0545488440989264,0.682582495087141,0.37663145307899765,0.24998702286106858,0.2845116909854677,0.8553936193298612,0.4132031753103743,0.506576953472569,1.0352312596644822,3.368349208493021,0.27555312574315816
0.6585752116251656,0.2927781712260336,0.8421704871891699,0.35252880082493576,0.8362773018308587,0.37801417510950525,0.8371248373781885,0.667089002145296,0.6313344531990309,0.1881810382141175,0.8615956867864778,0.441118645617804,0.08042233012485117,1.0546619556632917,0.13771118752759998,0.6257103462207891,0.25825487881213893,-0.13726729403741428,0.1571820997413936,0.8652659703960527,0.34231677440947206,0.6028029671763583,0.5257340131808675,0.6479887675051018,0.8507632717149173,0.42886340093417524,0.12296476132647884,0.17142826919564047,0.8840662496997981,0.11011683403881463,3.6874057808345047,-0.012397934308794455
0.5139747443846057,0.2870275518401863,0.7002953905333325,0.7109444262591927,0.5151906344506995,0.90533072956973,0.27859412740537365,0.5240305339784394,0.4511544284239155,0.745891076488291,0.00910467797934153,0.45433391472546586,0.6946921390432432,0.9184596975477253,0.17788816968337445,0.32193568921728044,0.7968172876020415,0.7868994642078482,0.43978955961265764,0.7320088130242081,0.3945838960842184,0.0795254333400652,0.8988747465855449,0.7435607850016891,0.5465085094775213,0.10772500682883404,0.3846390513571578,0.5340550216892789,0.013694411546018803,0.221072904341583,3.2192913481734875,0.1365992993083603
0.38699911274182547,0.6856928315826332,0.03749217149447524,0.584800872823899,0.1820468675846938,0.7137771750299542,0.46479686861546504,0.21751684605361393,0.7190396991355195,0.15491989125007086,0.1814536770425315,0.09696517386292268,0.13714632415739117,0.3796196488010197,0.11242300698886072,0.913278640953169,0.9001931698022244,0.8313807495800821,0.8585990955152888,0.05543522291215765,-0.07865576263369504,0.6946525295927067,-0.04383691023997197,0.7648470811411274,-0.030914957249266156,0.47076195464002113,0.36319724614192433,0.8248707618424497,0.839724860455679,0.2161370299942751,4.064783428976922,0.018001596246090008
0.3642110847097521,0.6806996805957253,0.6060409756461693,0.6513679529963767,0.8959031230823926,0.35178736098647745,0.3226143143528455,0.6097128187232875,0.606873067985271,0.9948106976588423,0.09102350811328869,0.6771147506462237,0.25470148442769136,0.9192674046814238,0.5318958450069062,0.4496065341477035,0.006176873123397736,0.2337638069314453,0.4708413721535163,0.9897787522279154,1.0215059422593162,0.4077578177295737,0.09087542439005851,0.8381047935404948,0.2590059390588224,0.4900394766919922,0.695919122612996,0.8888142274062469,0.2726666404577492,0.3945767647427262,3.056021750864168,-0.027727469210036923
1.0026212463251594,0.6922948318214394,0.10501055779916965,0.8500107440831238,0.6417899031554595,0.33952023183278845,0.9349725906950109,-0.08964517794613312,0.1853710831384957,0.06991879540142726,0.7798229132811619,0.06417126812409335,0.39805695563572285,0.5684793973732379,0.7556379137352023,0.45929693495646917,0.47209065218115,0.5731434829674025,0.24627230170100178,0.8341577420583826,0.7440275958710242,0.46075686485945166,0.5093923452525322,0.7571500266230539,0.8227007561795017,0.22630439898741161,0.8655605516333572,0.30336623774013144,0.5245259644192519,0.5265957962984238,3.102339721783208,0.10320897185765543
0.8827046403901057,0.27151631609397753,0.8238327907649011,0.04576893951036297,0.5846815958107136,0.6760222908684673,0.9146425320592632,-0.14998603292067733,0.7127599656744826,0.08920880976829458,0.850488357855191,0.8037977191088549,0.8304281480354967,0.18740855264857248,0.6111830821167654,0.5043357717068739,0.5376422989805789,0.49941330368593,0.5558023638843139,-0.19298053416580402,0.9826799906026689,0.39034724961795686,0.6345737368344326,0.009140263307801128,0.6278670775411448,0.4987095080058869,0.12432046712183863,0.6011731351672854,0.28827940659724605,0.547897525519056,2.9975486987857125,-0.023895062008169633
0.23494135261977386,0.19364731729313575,0.4385366371561273,0.46995250306062464,0.2364662522567405,0.7444049192584078,0.4906498761202892,0.2729834746092126,0.14635563036377217,0.70915380878747,1.1263949207931563,0.4056224674030583,0.04712575278150263,0.23589873461605682,0.13719754956214394,0.8589013581385735,1.0129276707923258,0.4272177310240979,0.6661084463275333,0.3834316716695768,1.189903075299549,0.16907437391048885,0.6682293435716161,0.08490811890218848,0.44902620377170516,0.8757806286449716,0.639283566093881,0.42834978061575935,0.17233618343501428,0.5288813541456218,3.3712060221813833,0.07876969628667214
1.047064547925004,0.6335728997600205,0.558783720183137,0.8111642565643044,0.8640893233334185,0.8542127906913204,0.5952011422621846,0.03804621403030019,-0.026005235405690497,0.09385264768486354,0.3053752409064683,-0.0175932508952852,1.0109768506138335,0.8455720677500104,0.9679993006725078,0.2756713148969222,0.2848244776268044,0.5247990010280706,0.09582258003046337,0.8020320147181154,0.3600342459674256,0.29276301504451707,0.8477216184112061,1.0334089566282105,0.5579258063134442,0.23945059132608965,0.7876255166686854,0.8496693157863408,0.41102556843797017,0.03269472209717446,4.123749906766907,0.8884768686330529
0.04972079961585765,0.09064544482817717,0.3828923983010265,0.9357498871205923,0.2214548496224835,1.101670000310445,0.4695574304205827,0.07591013392936315,-0.013162949224320632,0.48969305511001654,0.05866385957523505,0.09642370177857461,0.331660186810952,0.14781568965764186,-0.03878865299095975,0.46995194808746404,0.5454913861007533,1.1585350407248163,0.22225333325024182,0.8102287724119053,0.01647447733846641,0.29488166033811547,0.9296623270648398,0.08719074691074075,0.42623714544902036,0.10674956439390074,0.7757450357964327,0.7828829685211243,0.49044812612865313,0.6618377997327667,3.9421839622646146,0.15794367214289318
0.13075413985374584,0.13470335776479525,-0.029475837979759237,0.022132453607381728,0.5366503155316402,0.20971143577408283,0.8175828162669251,0.20939369280119538,0.43785662273548087,-0.17590489782534172,0.18892495135802734,0.08510974042449602,0.8852900950943824,0.42043981594639196,0.5314771605988704,0.8048644699461156,0.3833373266306865,0.4801161685696904,0.899465423321427,0.4479704129398815,0.016672172983274808,0.19092646848544467,0.87483030710784,0.29661719891045524,0.14352713099568049,0.2530133865952943,0.6312294851719105,0.0866972105637165,0.05186406098525845,0.2790800532152027,3.7631704765990177,0.0555381060515838
0.9581439413522835,0.21520650918315865,0.4961029289986655,0.33459155237444277,0.3791231597046184,0.506785359049064,0.9864848840824423,0.4332020771836324,0.2898373813961102,0.40804547939397745,0.19789680939501209,0.5374125037912182,0.2363676937120164,1.0176998468533816,0.8033255197058128,0.03900635693846996,0.7301478014465588,0.006003143783703729,0.7312171846989085,0.6611974681049848,0.7471495023263338,0.4613605265173162,0.9307173273496301,0.3551277306772963,0.3485136386754689,0.7227825634573507,0.23409128274918944,0.5591524725154817,0.7049834720237259,0.012699699358484383,3.0020160519888024,0.7285985445253566
0.1664611131263392,0.43926043050483765,0.7723072595102042,0.3823562435497888,0.5375046576842479,0.1608343085689417,0.07025710492205313,0.862783362244988,0.17153432594435047,0.48553481453499203,0.3412763749558413,0.38953363517180994,0.832859912676881,0.2870521495529127,0.7026764716433225,0.7855901487864766,0.369928798042083,0.5494250413527372,0.831943326672412,0.7958511311005889,0.6795791807359185,0.5146986471035592,0.6122805813983685,0.10594668233254631,0.31719618896260504,0.13467851281646445,0.6257346669507272,0.34977874341937554,0.5221513045022215,0.9506196974311572,2.837386895222781,0.05460308704726237
0.5211291483026878,0.7445948038691558,0.22985100851004833,0.8651995334788052,0.7432162192450865,0.6781563991385693,1.0622036268910233,-0.05051199713853159,0.36424913518780977,0.7558497271806799,0.10861022992312316,0.39364619090047204,0.2457405113296094,0.2721205305993505,0.746043586318412,0.6463266810553383,0.8130835048484851,0.7579906500906262,0.8163767011962115,0.3125291078754711,0.8449379321319276,0.07447058471834708,0.6337814798146068,0.5370370553257666,0.07024013764128284,0.5033478584421509,0.3507973473574872,0.8683139524817044,0.13587304975788544,1.1304386720205712,3.132825482374905,-0.08660361856036383
0.5320396069193363,0.09831734073993903,0.8102745386762313,-0.00524706988060869,0.9306770407463717,0.9289706047036606,0.6919298734993772,0.6326644238719599,0.32347387375601566,0.22102368702201938,0.6245398217120107,0.6016271885475895,0.3971583500332961,0.46054184214442206,0.15542293058512624,0.4458078979368515,1.1583344578310621,0.15842676267281386,0.2920364741305058,0.0897526096161737,0.8017724995661218,0.6784910219780104,0.34319035854900093,0.2741069612432578,0.24825772611242883,0.1415444928970285,0.3595432395600147,0.48078645703608974,0.8323712292400368,1.1972924451437343,3.124117826850058,0.05923661353231122
0.996327809115485,0.3871212561994507,0.5555316245638754,0.9487972363681161,0.06069215472686647,0.8488695998173412,0.6070996044848568,0.6869843563831328,0.26009450370488274,0.345791960798718,0.042215103688517254,0.8209005479000615,1.0162144641655073,0.8190834388729661,0.6603136390377232,1.099080815212202,0.8868819643610567,0.14916871774732413,0.3103767994873674,0.6209299148170531,0.08050175602570334,0.3467259030782621,0.37640151378231407,0.900944492453886,0.8045126041576244,0.6287470914392715,0.44592633174140894,0.6136211815497331,0.39615561141396344,0.28222160028647697,3.2585475309385927,0.15113380676607582
0.455923092138656,0.5823219470870058,0.7308049348170896,0.2995756575267122,-0.1171931212071658,0.6096633732760824,0.5231013333115868,0.7368945437905606,0.18502069449759442,1.0167582804574697,0.3720324733959599,0.5810003599066973,0.39613107667498254,0.0336707163421148,0.3766044983591466,0.35640340513137536,0.539346560051554,0.909025785089037,0.651809426599712,0.5348299507452535,0.46753900755363853,0.6818779009800455,0.8367542702890618,0.5483739988077428,0.7107378416748947,0.6532637679541987,0.8407484102687436,0.5155930866575041,0.8050762318237124,0.7110572320648603,2.6745897570416086,0.05601142156862393
0.5668375474485513,0.8125835503741434,0.13910577107102917,0.741291452703732,0.8087568027035749,0.05263026088777609,0.37006117338910405,0.668581897371731,0.21427129339467949,0.5898518709936,0.6490256605643684,0.27671521470311355,0.4967038921967885,0.2198868035083108,0.79867771180421,0.07009339192437954,0.7322079535385915,0.34216034109726057,0.1397997972948239,0.44752360272693814,0.2548264227965358,0.12042430452167974,0.4591342362420899,0.09145546013515633,0.10954523584769503,0.33591239779992976,0.2338085477113055,0.054488513110907855,0.2387703723776216,0.2144517409218934,3.0512061060483497,0.1871591954243236
0.5466685701322608,0.5259858900669077,0.5484544438569331,0.7001561331481523,0.8635916607269915,0.6681296210001954,0.07923964536401877,0.1704626207241473,0.07126486484633163,1.1304057947497665,0.8573457850596435,0.7084187385785725,0.5476534038673908,0.7796274562752327,0.20446559590976732,0.3332079132713496,-0.05141556581487516,0.1943616742449658,-0.1929123021545059,0.8752774293716834,0.36726584704019416,0.6892571563556583,0.49987825356859605,0.16976319157066355,0.674385594960347,0.44781186122686195,0.024362084616518724,0.18563993580137567,-0.015094343517502051,0.4783084445063053,3.781795790505963,-0.01623092994101968
0.5796885330060736,0.6616263929799309,0.4651887217561348,0.004263500181899946,0.9057787597980573,0.06859521385314343,0.28393309639883624,0.6501446491757846,0.8603644398786172,0.7185546484000018,0.43898221870755805,0.5839230930356913,0.7789128855436283,0.02804270689407326,0.6032696970940149,0.20559149469205817,0.21933903397813392,0.10511694791452647,0.1865377723307713,0.13030654100309,0.2204007282607539,0.7887872295165115,1.0034742600266975,0.22062667554490087,0.6148217634903597,0.2547933291497143,1.098773566899363,0.1505003099778327,0.7315779685460989,0.13547534092836164,3.6806841321412658,0.04336393483056071
0.6774569718909633,0.7406605941006122,0.00632907719182527,0.7124647754652315,0.43944438436015026,0.9282763686558851,0.6659297146499891,0.9182217893011271,0.1338625520904994,0.2260472337923675,0.6006506001729508,0.16624478549530622,0.6574509834267342,0.7478787761481684,0.7249698567318588,0.9527097064223307,0.9050615907321217,0.8474425404258265,0.3725262788573366,0.6590590107820241,1.1567994545371965,0.7805367027614497,0.8992834019556356,0.36710059657723415,-0.0037585322137486943,0.7425390090523459,0.46576744514726776,0.5500364926614404,-0.007660711289780908,0.5126054074878286,3.4154535447009486,0.04513825318058119
0.7095932185587399,0.28560597731733767,0.6892834775589807,0.2845795701130852,0.42917013499532874,0.4041449536179399,1.0243203855422083,0.31646687748830404,0.20493548280988855,0.1968652241741961,0.47083445159641835,0.704923881135756,0.712718683496047,0.6036284183870213,0.7647219619079074,1.040679001305242,0.5369898133214414,0.614597014519976,0.3496703365133547,0.6087505903293488,0.8415911841337701,0.3842610717381746,0.1468893704598343,0.35819413709079617,0.9092793015212036,0.07958754956471008,0.15028991500535885,0.7533961224389255,0.9689539559343113,0.7408980146900083,2.7363935343745687,-6.294201474526078e-05
0.6951256809446681,1.0511862261043678,-0.07787033911053147,0.27920167163074505,0.9616854595208522,0.7488353222599063,0.5325460735571959,0.02118857610119123,0.3897887468303304,0.7108222463100112,0.26553078570099287,0.9859151797535575,0.5022535251056071,0.3292846130938747,0.55871789767336,0.7204137170687269,0.48378865465642323,0.8115963705632007,0.7331263448520282,0.6787599161210267,0.7166704841284721,0.3683461692082256,0.12748919808501596,0.23246207728054089,0.907631395630152,0.8807474759384866,0.6424827389932191,0.4225087990658599,0.46253241879565243,0.4625893586529861,3.0993380596273408,-0.2069891682592075
-0.07289228076000692,0.42198415753501084,0.9242331192681634,0.3617858421420051,0.2226072792693528,0.7771287074394687,0.8740604594668268,0.48525680809229743,-0.04169424661227385,0.6321288089348048,0.1745254452125044,-0.04643664866609902,0.6145016786653459,0.6007777673121094,0.2708241410228292,0.6312282990676195,0.1724157175143849,0.8989883145908484,0.9134257141020717,0.7371083320560833,0.49205429427105096,1.0055805186469557,0.5941503342281073,0.45832183850284575,0.14197609445498482,0.3589938189730607,0.9103144846794953,0.018947514958228995,0.8544045089906797,0.30807521268961224,3.7966492430297114,0.03544370173600137
0.7119539323053324,0.7350879876878756,0.8086918224841728,0.10639496334423176,0.5398299497854554,0.17692614856177463,0.38223852438917805,0.20313366474177874,0.6897698716350334,-0.05193197834232863,0.49556941042882663,0.2865968007057505,0.242310104089261,0.8124189098374625,0.6051252276734996,0.04760716434787052,0.23903606126857668,0.4673197055811023,0.6174620759104468,0.05928104250955958,-0.016721186862192983,0.36005501476534235,0.35777708656087515,0.31826952397644986,0.8655762839734066,0.872929433415692,0.593414918697762,0.5960732471866648,0.4262282375113877,0.3780058382975837,3.252886540964102,-0.018865667006771714
0.4603298524508999,1.0085644112410712,1.0954190577290999,0.8630847443775925,-0.1287113235956312,0.49639196018852383,0.5851753430542787,0.34428858965239195,0.2614273357703081,0.6896809932154153,-0.14669161393046812,0.7849990482940882,0.9618684459406841,0.9123952951556092,0.9809218059113601,0.9292538131273891,0.16318197824858652,0.7105128274392549,-0.07241251239629745,0.6738038893643523,0.5514381942434237,-0.07590904865560609,0.5091266921791308,0.8727509413538892,0.3787207594469132,0.7196556676126727,0.8754905205759388,0.5186332491178787,0.33488388846109357,0.5139946249976644,4.1480194031817685,0.06662603832105221
0.6113116244480702,0.6882673025524716,0.46073798364890384,0.6307329153114392,0.35613715165346393,0.6473008390574709,0.8500909941146564,0.951401392350544,0.32973626606957984,0.09662814384000755,0.155948268807766,0.850851810347062,0.5150657098826218,-0.024390486312010504,0.8069491364183379,0.619514649864205,0.1761887292514017,0.9877183189201504,-0.03961844819403634,0.731672783882935,0.2784359982453216,0.6503184647364835,0.9647191517383935,0.82174084608109,0.7523060225663435,0.04477512031924861,0.552562873334916,0.2909988971959588,0.9520567979637307,0.4699680283964519,3.470163798850607,-0.0365937028935829
0.7616115817485596,0.7925352621399351,0.4276208634542113,0.279323171304491,0.38193507567799073,0.513197619789237,0.08695004032938441,0.39763354003955786,0.4180399431863726,1.1239133041495364,0.39507004692208675,0.45023137712468647,0.579998902066611,0.8777650316556721,0.49486347259482893,0.2538283351788261,0.6800558171851213,0.9786005277740303,0.6201055008769482,0.5930684770360921,0.5707900195595486,0.6411934438944543,0.33156060338814763,0.7434161637218036,0.55915478656983,0.1413784917681128,0.23036322661954053,0.6800824860820212,0.4231640948243437,0.39920254187973514,2.416744859747234,0.09972175121482453
0.24324724583632723,0.691022319775587,0.7766259256399062,0.9747576100961798,0.11502844741067716,0.14106410305260828,0.3544388673756028,0.14549123431900315,0.7430343899957226,0.5482491503621391,0.7028182825526579,0.6226327085998542,0.36586252466481767,0.7736725923416581,0.2500856723609235,1.0596188020059456,0.2850995735631831,0.8615705055197131,-0.05663126818754813,0.8915294615479322,0.809206933886138,0.8225492338627157,0.36906381954042977,0.754508228514381,0.9273988879884044,-0.10729575705814673,-0.05652135274208191,0.41099892715863146,0.2543942374976703,0.7076367917191982,3.7184456017976055,0.13134504920665632
0.9566393085283749,0.45603530276006277,0.6981805921832211,0.966947753407245,0.7236399334076395,0.17713569900340242,0.4571692979094345,0.17309332260841792,0.5989179672999693,0.19109755633100714,0.49880419184688163,0.45714198030790093,1.056390847757342,0.4625176658866905,0.8500791534975094,0.13676214829367217,0.14291808894747945,0.18802769067065037,0.013155669853428807,0.1165949741250259,0.4103621105239778,-0.06254581320739987,0.2768101885647699,1.0945630351677669,0.49077654066269183,0.6501016468314064,0.9560026896754036,0.8544237557777976,0.6775996389448197,0.6907532813743777,3.182341316649702,-0.012687454431938396
0.7825219138641992,0.5344949266805143,0.5753510346874712,0.7131164933047716,0.16211418152996782,0.14751782730959667,0.25472482239477584,0.19134118836135766,-0.018998535539970957,-0.04860022411330885,0.7532930942291908,-0.03138091994737549,0.9664477555425055,0.05469016284646644,0.3364515421125599,0.9490118928284997,0.7635134057685757,0.6371662768363172,0.4019779623057239,1.0498971208819186,0.8884527644345055,0.08562366587194689,0.6040397470708114,0.49534889721225733,0.2325428314274273,0.9229114606249361,0.8732424718792049,0.9753452876258347,0.43978464091060515,0.5294613019319028,3.3694190767602574,-0.1825545420356804
0.31161149603732935,-0.0946441093331804,0.717222917713091,0.2504254756978938,0.8933812358603679,0.12837353968231396,0.8487251073324813,0.5992198149952682,0.10506931097493796,0.5939071832996476,0.7179593314514001,0.2858448803892108,1.0096327459229633,0.757120053851789,0.9301120644600525,0.9124844259229591,0.614394666393983,1.1249818359767667,0.04840736862979242,0.14933984570050715,0.006689182481974816,0.36731215611991697,0.3881734250391311,0.9217917313214843,0.10615929895535033,0.5790079246134411,0.43518785091289797,0.9229681501441014,0.7975971063246667,0.45475241280212536,3.895371511995113,0.09629210558132525
0.26159866125504144,0.04392630252688182,0.8189298576420216,0.8914497561390792,0.39353325108292886,-0.07644741362148393,0.5270694486482219,0.8289160030999653,0.4768218854121332,0.6538480451597816,0.7471539249009496,0.47295714000160183,0.8838991074283548,0.4932730683776645,0.43340075531371675,0.8204783679758643,0.2947623668084805,0.018138223636774448,0.3099894161644644,0.34856273893419,0.144621450748377,0.7210050697769087,0.47189215614830216,0.5979533348658097,0.38578842279239123,0.34882119477875123,0.7352389871183107,0.5696380087352216,0.46516228366707246,0.8283941361072872,3.156835593589617,-0.02245004424351047
0.18461466708647886,0.6412457523360084,0.45751550009087744,0.32071292015322944,0.7551470482446635,0.3584188319409602,0.720953221591217,0.5521630768616339,0.7635195402780879,0.076655699327909,0.35187385003899646,0.07327155398761068,0.7025594784570512,0.5555715377942106,0.4175104343174153,0.20937412199205893,0.5188803787169385,0.5797806450342323,0.0041618703597373075,0.26984673460168007,1.1841069055670428,0.24986280036795339,0.5124899367947173,0.33517822533482655,1.0127659785699152,0.06432728092266553,0.029365119442263766,0.9945680163343764,0.49906856964991225,0.3007442491339146,3.3965694690792287,0.023018273027702204
0.8631984844999341,0.696550582792127,-0.0035755331348647362,0.7210753411004067,1.0104005200394295,0.35211343307472387,0.9274320523841173,1.0262020641412666,0.08545452701986854,0.17480903795675004,0.5808236613550523,0.3546296736500533,0.009213438199674767,0.3449552282966055,0.6044212539636288,-0.0056519617563488556,0.5960796876234843,0.06138852427749559,0.630978088337278,0.5079137662949644,0.5037085117287419,0.5965703633086701,0.22294156611694776,0.685490677274847,0.2677660069889149,0.3771220662064763,0.26340762806505924,0.33074591378435875,0.48492617424318335,0.7633468240721334,3.2102952091636894,-0.05255469188829587
0.2360638415153868,0.8557593382023359,0.2384508378832288,0.2956284517651606,0.5915839307553203,0.16324911361371464,1.148190169349117,0.5906814328299523,0.5769907324565563,0.8335403385792175,0.2050134436587126,0.09746383428372261,0.24236025873350092,0.49718288331939325,0.17246669513487176,0.02593272638721926,0.07596561967985192,0.8887693649595997,0.6960632152228158,0.06984894782337298,0.10620631930621863,0.8231025622464012,0.7683801357615937,0.5303526668458839,0.5220968060123805,0.8777881756672308,0.599050988153951,0.6379084112715826,0.6930821372267951,0.5654746170274464,3.2390917497839844,0.02370945048870061
0.9869345848171428,0.40622591511472955,0.36304656884305275,0.3951228210143234,0.8771931892189522,0.32307382021760506,0.8780616077719736,0.019704065845862498,0.9756375773287719,0.8637786236019528,0.32825109169530226,0.606762975174399,0.36966038461985484,0.35708241332732893,0.3850520583332665,0.4863563049104862,0.17611300947268013,0.5783648559326952,0.5937485219461773,0.5655049685813046,0.8746430307038019,0.5016509263869859,0.2429907605207167,0.07747669170056529,0.11191477050374647,0.45517041791123514,0.985153197285326,0.02142992569040275,0.8107540215405995,0.6754433931661964,3.4328301464988713,0.001102499348835953
0.13907015525617808,0.8020249037696877,0.6494948261021684,0.099343647305579,0.30700117515586545,0.8789311725321747,0.6603633800733586,0.7030426302385712,0.19989382019766475,0.12247855852983808,0.709699204978475,0.4088377679247755,0.7356887052402827,0.4449792869073252,1.0863371909463226,0.3692923946739687,0.6154586496724203,-0.2660672283322233,0.16141374804472375,0.40094360726031897,0.7234603057221652,0.46953229694288856,0.7853562658331729,0.5390470367801005,0.7061319131657202,0.9335632046279473,0.35603460120349534,0.5467628283119916,0.7777630634193359,0.24630129307221132,2.9451301628682645,0.06746535399698617
0.8741589739619997,0.612581970330135,0.2847309938132801,0.26258095850359015,0.15369547972510864,0.10470021158140096,0.19066810996965283,0.7632429756639891,0.9016563892871925,0.35006480197391576,0.7863701981972375,0.8647416136886932,0.18319893074257693,0.14994176653705557,0.28627801307924156,0.7896618034727126,0.9330164919875185,0.8639978121622576,0.5876194545940775,0.08368570060544753,0.7958503909045092,0.05425093062921373,0.28832681922810843,0.15831796501483167,0.3051461393411468,0.3813220478852349,0.053047406401733124,0.16138303111612814,0.09835620714606434,0.46731935684590664,3.3562211410105105,0.06845179104818201
0.6807178310143094,0.4066945465372959,0.9339490931372545,0.20067981701501117,0.08508996828361981,0.47401262609059036,0.5602976094809581,0.8247365156720408,0.19989346871074143,0.4639569098258332,0.1242633598949128,0.01454322665705185,0.7308183793919749,0.881863729796268,0.8792144704171908,0.03023051047996274,0.44871628919482387,1.0038426747273237,0.42768146664543966,0.7463615492255714,0.5397451990421575,0.9471842674501925,0.690845183605772,-7.372956741608094e-05,0.5028191680286497,0.8590435803933842,0.15773975199653095,0.5303954012160115,0.6108138046032586,0.5479915689460437,3.7883099805618174,0.08564692135887214
0.7067629919448316,1.0275182970638512,0.6440988439812555,-0.08190933929549966,0.6508720160789973,0.8408755600451536,0.6483946605706638,0.2797834111729222,0.09850812943647774,0.8810033631145024,-0.010300346218253847,0.28625280592149305,0.844686670115342,0.15693059535270304,0.21835628796198323,0.46875915834596543,0.17234603954223354,0.25222121311827067,0.7222357639581688,0.30602250741992915,1.1302730441028372,0.7996473444093738,0.9403987166531459,0.9881284500567387,0.38490739457872,0.12327086066025421,0.582111629354871,0.11293849382494471,0.9278353764160892,0.3927530034155295,4.024660667577499,0.04896577964632992
0.27524631109281605,0.6428033932828185,1.0281710446238488,-0.10086750881197366,0.7137121828087261,0.9922919580916095,0.2737946103385568,0.09225438104763908,0.8719960477987055,0.05346255247765363,0.4193640814171331,0.8997597521923928,0.5131899351160314,0.13938597554209525,0.48046718997083326,0.8403802082980069,0.36217596920807804,0.34866361950623115,0.46676518442217885,0.5127490304295579,0.8451548276370031,0.3653716764857764,0.16525178619324626,0.5915182272794618,0.5246958848405351,0.6827892251887631,0.15340321600532122,0.683964583295695,0.39304294425811365,0.40810573932560024,3.1111912503494863,-0.04065063240466111
0.4674105181779561,0.9933661305428966,-0.08086315301977716,0.3736420785127985,0.11784888374952042,0.6326266483550493,0.08030719301553935,0.6304123063453078,0.0803126982303588,0.8319122138112797,0.708158213939962,0.9132903750048622,0.8342961818925546,-0.026131345222337683,0.6607951669005654,0.1090218642479499,0.32341981790579677,0.08566311717034991,-0.11193395769157757,0.6325030670850917,0.39576381054375986,0.6159492655051123,0.6524645929324966,0.026831152876605584,0.9726171273487169,0.7535990350511694,-0.17140693083691289,0.9991005057083471,0.8810095451355666,0.3620143883366338,4.209257494519693,0.06619156075349593
0.4889135426188543,0.89248585403408,0.5264107952247362,0.8987272073297778,0.6937409644341489,0.7246075332068871,0.6160384754205676,0.6724858237592737,0.4958768449346839,0.6866444779288772,0.7152749214260484,0.4014660995043183,0.589995783298681,0.43694979710505677,0.7207691118369355,0.7891862333150498,1.0530269100538556,0.13677637905103673,0.9335619165498744,0.2902483560652644,-0.05871140956490271,0.40177286818277075,1.0420394966181514,0.2479987128180252,0.9500204962538924,0.8713836513535249,0.3630571192105433,0.09214547847848406,0.9008049051203969,0.549785455410992,3.15991515380699,0.07021853925193891
1.0093151338256767,0.8552909929821516,1.0170791543856728,0.1427717415536103,0.9191586514231287,0.4099767876801732,0.06069696625036622,0.09958355716424439,0.24079994822539283,0.2007694918117781,0.06584625977614883,0.856127087626637,-0.21160535375194964,0.519058234238728,0.2019391419705685,0.3470292050486298,0.815192451099562,0.6154488369853572,0.4037950345317798,0.20041860062676248,0.7769934802344416,0.8837949790178675,0.4237286574843299,1.054812060402202,0.21931318565260502,0.7799254231040504,0.31263101020693135,0.9747289502103773,0.18297655596728618,1.0033804777456505,3.910438220917051,0.8435276521282753
0.8200209451379203,0.13996175234429584,0.43420171678424346,0.07820089706653877,1.0715241784639171,0.5260383049018877,0.5718453296453565,0.8912411891756141,1.0215420626602914,0.8588220625824258,0.8474393752264626,0.805305130014476,0.15815366065347675,0.39094596374574003,0.351885590910907,0.6285724118035546,0.6352778397509717,0.7477251741478536,0.5334323580074305,0.9917257372089704,0.9719918246615057,0.7819462015746625,0.3628956031524584,0.2042434435549978,-0.0069332204153031984,0.7411375628874166,1.1019761213306072,0.47164419270695346,0.6694221638324649,0.0010271260031585946,3.621867479814547,-0.01167083516033698
0.5777339095290704,0.8370961397662671,0.46780149530380777,0.6971744200106735,0.556299690313611,0.8550609057824231,0.6325540513902838,0.5506415705689349,1.0048878574226694,0.7738224065578526,0.6703526739633855,0.9238414935495465,0.1332003976904816,0.47318632739528455,0.2275945592715927,0.09247860919719511,0.6837170627968713,0.0428266908237471,0.6070202293931233,0.8928383805262269,0.2935748513070165,-0.05922994901231918,0.9956131758187308,-0.025500762495074464,0.25595178638479643,0.20236359188319739,0.8140877530971259,0.5506342833878,0.07446035872044104,-0.02833643084533884,3.1797949717046023,-0.14738355885244955
0.7988108853205991,0.5557628558973982,0.7448727982562655,0.1954385928413702,0.6189023840516191,0.206105077882955,0.7044300121878563,0.19715425885310628,0.43512036878708515,0.7096714583938311,0.5647248674459648,0.3160128019639506,0.7831297197339443,0.23401339424379505,0.9578438418262593,0.5445547947634415,0.7332122746236275,0.9136518734741688,0.3325367472944028,0.7060170362038166,0.08719314114064222,0.4870492776503103,0.5405426216784812,0.49970373242007743,0.7796218093088748,0.650866993612513,0.9358645896166002,0.02721499415408555,0.15166783073899726,0.4539266647214768,2.7886739383924732,0.026762695882210502
0.32404148900893925,0.14901771892977597,0.08194487496339792,0.9451491705587561,0.1967312827617845,0.7237573849833054,0.24531189774846424,0.7482555795988597,0.28885002909983254,0.3717977502548879,0.4826233045370265,0.30889803880474864,0.8856239156843626,0.5821091723004549,0.6683444119121832,0.2974059856706227,0.010717780552947781,0.794279657893303,0.7527464183440171,0.6242756831374356,0.6242720387690655,0.20728169926377688,0.7690123700054085,0.6771454610321347,0.3502370886790819,0.10570358961482589,0.14556226117573212,0.3863272575662181,0.36783837086715854,0.7171220734959213,3.1819509495913585,0.07165015459949028
0.003936059021611371,0.2897172342440385,-0.05350635033654194,0.6438731687954029,0.40535158295269536,0.6172754055806065,0.12182819574812051,0.28402754249493684,-0.20154575939216135,0.47803554232666834,0.8082312595456175,0.7370096025175112,0.8015871648319421,0.5012929396951102,0.365299067594546,0.4538125441415341,0.7889480069925411,-0.06387081218624617,0.989926112555997,0.16111650362019778,0.15086268296762356,0.5444051685742499,0.05124425874141013,0.09641699270845545,0.40535492217403835,0.38612163466052896,0.7263995767975416,0.5393356591298042,0.427200610206636,0.778836483030654,3.418122389669622,-0.1410169366401759
0.620674311180923,0.5117672706555324,0.17817932688535695,0.5233542840365565,0.9025753595767376,0.9727200466169147,0.18635428526607914,0.21871975898220664,0.10264908079977048,0.9477719531504154,0.48508753732457816,0.16531513871688752,0.45911614395687594,0.007375600605482507,0.40524386966397075,0.6815475242297775,0.7980439411945218,0.597596931725205,0.1810929445386633,0.45789212749372005,0.581018027288884,0.2298162217573303,0.800977342447865,0.754988409688424,0.47642544070195103,0.8209353751998546,0.98542737654882,0.24508091514496813,0.5483827667125573,0.5185046152297537,3.5236456004623515,0.06062408793178521
0.00781038876534338,0.40286983525441,0.4431274850011303,0.11829421002676621,0.6300422071979579,0.1700390114099559,0.1747465227581932,0.740155344458576,0.44461337803240075,0.49649863462222116,0.5826001496374456,0.24477603679709176,0.6995949595156028,0.4369226576144712,0.22820538476944582,0.42961269244386807,0.36704697493724675,0.28856716356297873,0.2446816850126242,0.9203181094563647,0.5316368505474517,0.37345624757386603,0.5057902771771251,0.5273249706624289,0.14285517031298797,0.45298729898537504,0.16687511457039078,9.888520191320138e-06,0.7946697775124997,0.6128909054181199,3.0021528292720743,-0.12499316104519922
1.0492043148290837,0.1433666533628461,0.22853077037158853,0.2004781587120553,-0.004630262841132623,0.6192138250350856,0.8602365895547099,0.47988481831631136,1.1717304328315836,0.4480950951133184,0.9226996341871487,0.25854641448006266,0.6916367618037083,0.375299545881149,0.2537758064278461,0.487398011266994,0.000747871783279147,0.5391195624236905,0.9560593325448743,0.5681092477466817,0.3002104240593538,0.5008773183301073,0.13232018144841837,0.13621410834161196,1.0305541641515266,0.06580374752101122,0.6758815588985297,0.5912823272121954,0.4404965181882447,0.3475463183636363,3.6974908146061836,0.04630132505338714
-0.023462212797853516,0.0861344821523552,0.8495421256506621,0.21625228229334548,-0.17350125090420915,0.23840644850837991,0.29209579678531417,0.1883635366734718,0.6279450550316028,0.7392428647793852,0.374144460132364,0.27433821793849733,0.5218369019997002,0.5998436961839966,0.6893185042205696,0.36725496308325234,0.5843944721362369,0.3884949840674962,0.35974828179677704,0.5780809271453969,0.4851377348758254,0.18402634980100266,0.07607391142473394,0.012900174125920427,0.6485588416842911,0.49673974931751397,0.6651711677492879,0.8526558543609247,0.8743752131997197,0.4165568937923265,3.453828930984634,0.04649712934749775
0.6829464135799324,0.6640248776359735,0.2462781212985572,0.520559241284084,0.5666578749555232,0.8051655554781937,0.5964108275950457,0.7931467918769963,0.08923203348871683,0.799223237006108,0.012470468533799956,0.15362540872280012,0.6271885432260159,1.0304431008491974,0.8212618794845572,0.4274522091823051,0.45194653713657346,0.3459156485445767,0.09481873797507712,0.6833945084871967,0.1578614886051578,0.8266553394229184,0.6443143559971747,0.6438874245163775,0.8467171134442175,-0.047379296777436075,0.3361737026847831,0.30763628078267935,0.7335179963405105,0.9849928209570888,3.2235571969297974,-0.05920708164069341
0.509558631562077,1.022254350399602,0.4544433529845261,0.6737957401902017,0.7433368811524625,0.2763497661172695,1.0368757422137804,1.111844531635727,0.7293471804954378,0.6207592043563516,0.8052447306086924,1.0737449897135745,0.14507025674022103,1.1468066135507429,0.649971515129056,0.3742628817326029,0.6483541012384507,0.5691647332137276,0.7700166921815454,1.1756295179607594,0.22532978350104255,0.12526813046733232,0.7558611141701327,0.30427350069440084,0.20812080839150843,0.517773005960051,0.5630521404792691,0.7432131169931148,0.8247382228295878,0.7309801813240073,3.6902312361499865,-0.11112609002927892
0.2779932198593948,0.49914401754126053,1.1408053436410683,0.674456919959798,0.294404330513752,0.5058665217737606,0.17669493495302904,0.64559661438226,0.21406824727640897,0.6333910880007665,0.7641519369925027,0.3241121840903178,0.7642866912037295,0.3022603124600856,0.269652879475353,0.9913683954982391,0.2726448340361704,0.3391892394355873,0.3477841039547591,0.13626089405442376,0.13412291855965935,0.5038177666484169,0.19070066766996985,0.6905028069607193,0.9472461878333434,0.21571054056421046,0.5650155550649949,0.4144615250381959,0.026814534890039016,0.3537428886247289,2.738850087821953,0.0041475085329003404
0.004866158717292984,0.5752943413579256,0.30024651954424586,0.21014427615976045,0.2957643532194296,0.4577418244567999,0.4307471285766046,0.3497244320434889,0.7210249028504527,0.79442308671915,0.7709714175102473,0.5415419622740921,0.48047862704352656,0.44695043510158367,0.5467065494168118,0.35888378818667904,0.2600419471341412,0.49432753401313057,0.23238289508025392,0.634261004207063,0.8347840374621193,0.600235748073824,0.5049175316942083,0.7037369052367742,0.28092266532128074,0.8611583592592025,0.7010172707293016,0.5730297319462481,0.8262937406962357,0.3057154897950122,2.4146256300655833,0.04994808535922049
0.29888681147505625,0.9867111756323764,0.8296548806123771,1.0596316206628436,0.3030119950298521,0.6380281361203122,0.9888412331271417,0.43782139829939526,0.723795857845771,0.21294447106603703,-0.10274392248804695,0.44434156437752204,0.34534336897050477,0.8538563371385474,0.7454483729825045,0.7965940555793063,0.5310121505137215,0.266370717594815,0.6876713591994374,0.007942634776954532,-0.032206181449725306,1.08819731376108,0.7909149071916788,0.6808507331569258,0.07738407970810199,0.5013035128758646,0.6746526894973194,0.7156373996160857,-0.043295283281337076,0.5237270832807667,3.9081223438943113,-0.037453511449725224
-0.03948414020600882,0.16687554900083784,0.38253777721791177,0.17912916118167027,0.4188813725352069,0.1413076897821362,0.5106932913916846,0.5796268894709272,0.6809692265775347,0.625073953158492,0.11086437618416689,0.3708812941445508,0.6332847967083639,0.5400010036977826,0.012083841850009491,0.7116879413197338,0.7245682625643346,0.6727198152009127,0.6971524377112698,0.45551153920489673,0.5071712913877019,0.7576677760745272,0.7544548959641769,0.3824231368173766,0.056093985692155915,0.8621616591608445,0.5254563879355849,0.2049990385980937,0.35247317803277667,0.14280246402389424,2.3673875801660977,-0.16693525300853185
0.37915503720168253,-0.1003884950660928,0.07595062994336153,0.7427364806472344,0.48166319529029034,0.2050652643153933,0.6041376180612272,0.5595849289696408,-0.001161655970075559,0.48827244452522345,-0.1291323868415441,0.9405606997089647,0.4227566324994416,0.7109280728680843,0.8156934718054472,0.5686482807871239,0.3267525843336261,0.09883262206692689,0.41464113000685826,0.1200192169904971,0.45121814591387926,0.9692079236169973,0.25579510820019663,0.49292236861794164,0.7388397256664933,0.9552592869872486,0.21111111984517006,0.5085633628131622,0.3509174986481264,0.3855525211121382,3.1849158156868884,-0.007709500062333861
0.08058810604928263,0.9470000549834324,0.5002595874805761,0.7732571083263746,0.38378220328354445,0.670169577098822,0.913069260866582,0.43508025846776305,0.6224887293436827,0.1369789419425423,0.9815418242964637,0.3729455440213203,0.12732159506134114,0.20442790300671676,0.6439454975562797,0.24416326279458464,0.40747985091348116,0.6838213753278043,0.1957425911622731,0.5372004465809863,0.5363349661180286,0.31587020399084487,0.3215299127802359,0.58484967541484,0.7371271789732226,0.5360921277280747,0.7852802112072365,1.0257066683555482,0.8470807482564094,0.37544666681062683,3.3796943449617842,0.061399703210793105
0.935910222792012,0.7635957898405812,0.7360311625200117,0.43890577008689113,0.5369490192345427,0.8340141485571646,0.44209289241846417,0.3604248264544731,1.0292082133348586,0.9621281678150155,0.361331859902984,0.5027581817076234,0.2453289798379257,0.7691012479452939,0.06944578440023327,0.17875085016294986,0.6843648339079699,0.5322939403971386,0.8703589704924304,0.8091796143660763,0.8234461403922088,0.2824590236985838,0.0672451224106512,0.173500296706059,0.8902073821040731,0.2982901002802248,0.34413469633325494,0.024055377480374306,0.13440737302119568,-0.011655962608101731,3.685326116366073,0.009181290212629359
0.49242103959224715,0.4179198775132139,0.47744255718954715,0.27219621148205847,0.7306891594090956,0.036844110662586506,0.43652785699370744,0.7786510311512853,0.7879284257612862,0.28782951333434337,0.3825923534505489,0.09591132740682273,0.7417242418082981,0.6925637519942698,0.10901703660254736,-0.11364997808009902,0.2912557107645659,0.17547487409924675,0.026669990850025894,0.5723608274024694,0.3400169126213934,0.6595864504554766,0.7271423632287559,0.8107301244900431,0.08250402532217563,0.07997678187140136,0.2805452013485574,0.13079287804086503,1.1226795520188104,0.2374963878465577,3.82556793635698,0.13234977469821993
0.3155222771748509,0.1857173710655396,0.8826721590760457,0.11671797367183849,0.44423056343781253,0.31260590970279073,0.11321812935571479,1.1293511852847251,0.8131002460217642,0.7356069156783851,0.2755018973433636,1.0202613712129254,0.31909192455316193,0.09755020775393189,0.7278097414830282,0.858821222142152,0.359684403827968,0.3731003745133768,0.12657978223322158,0.33816676117949956,0.03940996725672345,0.6454861521675606,0.5522169901400068,0.016923496174837665,0.6846783595733094,0.25681892638366627,0.386788296565503,0.38699800690740993,0.7825701782174157,0.4849163681133254,3.802700293661274,-0.04072650570583471
0.3489461605220929,0.45980165027927716,0.4637893543776222,0.492418369926845,0.1815413389853767,0.2674684931383713,0.08472706091754567,0.9049893257724042,0.331456210710434,0.7883418731217069,0.39430240807049777,0.5570407441818106,0.834152940034456,0.6435568894957233,0.9433718659379365,0.7947774008101826,0.26317723484976585,0.17980738187770257,0.945218697812374,0.14742495242467077,0.3749036269074309,-0.042406080232028756,0.39147837728880464,0.053350059672635855,0.5817774890330897,0.46878864974399237,0.4655432904600366,0.7662558056089701,0.18069751138389303,0.8693378942056981,3.057208790144958,0.06407816134744995
0.11342743456427397,0.5681972041523837,0.10014762070142409,1.0156130617219477,0.8721758574129502,0.40118579870745336,0.2589831013514433,0.8401142989187262,0.8890596684374478,0.9375345129894305,0.029196859418000043,0.35598506493682464,0.8611051010857722,0.5466980690124827,0.4075259840298612,0.3540394081292569,0.04086452397539194,0.8573786148126894,0.44746065863198575,0.5749354066650166,0.7444845193542806,-0.05005210625167496,0.46918202280580645,0.5488578031919578,0.9149575027316225,0.28947069583131,0.17523898969907029,-0.005826336896300716,0.08349311813129359,0.27441919450883884,3.770513704736594,-0.007753904910643775
0.7881135395139607,0.8272079491231394,0.05685396493632339,0.5034154007660143,0.8283686780888984,0.25589860055507546,-0.10553759439094267,0.37514674449253477,0.17380095492889924,0.4461101020526677,0.13333992433435934,0.9777444996812504,0.05826821866503307,0.15270144509629982,0.7971930242677464,0.4238753842470052,0.4114117734713648,0.6016681408702502,0.1592023199477826,0.6842423815929796,0.4994555393859715,0.6701984831030833,1.07325068417991,1.0328746015798518,0.43665554819248076,0.5907308860187254,0.03202287558806852,0.21596698211506343,0.3387462794502461,0.5095912327353356,3.56221678727708,0.007078713748821329
0.5715977124217846,0.8590040698303176,0.6284660759656068,0.28585167875593787,0.8204745022512276,0.6260749140930716,0.2825361969027812,0.5476295229827656,0.28939660945963264,0.8687484744984768,-0.027747881644729543,0.6124158252121908,0.8737467525644059,0.43863989020337846,0.5043813699484473,0.8486429897114455,0.416503916381344,-0.04062166541182368,0.9175818486428018,0.10463597258171416,0.7244566900683087,0.1831399140755312,0.49163403801547617,0.554910381046646,0.6604706806504266,0.9031200045313494,0.6055304210183748,0.41236808088726584,0.8172543862204809,0.6041688789523387,3.1072178270740842,-0.12671917511351777
1.0088179049486425,0.21711912346010587,0.4048448505070297,0.8365152568845613,0.21186448696973753,0.2523754823616781,0.795529738883016,0.24506689681994337,0.1830889840109501,0.7127342565073725,0.4580546363771507,0.5651810748957609,0.14394294709301697,1.0242505187442146,0.800314739632191,0.21859931985174041,-0.08841944786006234,0.6750940645340813,0.013801115851468197,0.5843009635557561,0.7961745471858175,-0.04936222979450564,0.22319860161967464,0.8193023316945567,0.16239972882252313,0.1729621467938356,0.6889546285490185,0.20404071042542432,0.9659658053253302,-0.08300208191801009,3.8362295108029656,-0.04767507031367994
-0.06331527952664925,0.8398381583655631,0.03200286015263698,0.47176358362673043,0.7988482508013781,0.5891106933553133,0.9873480256130063,0.3711354242048179,0.68008503690019,0.26569285579661706,0.8818535135342946,0.2197845401258245,0.6123437586846904,0.16118387724663968,-0.0970606151770456,-0.049103705892968745,0.15653534629785393,0.11885200988778893,0.556167829959305,0.7403279907506987,0.5619573308024751,0.4773411793051101,0.5170076590552114,0.28526185584020186,0.5242647852757868,0.7457236829663498,0.7219415645003714,0.5512310306224351,0.38840793176565713,0.5478715816966797,2.933157130601645,0.007790246400626349
1.1271524580643295,0.4089085393781232,0.6750830620183724,0.16592451009357925,0.46805537017726234,0.35357253497693086,0.8803219277190507,0.3141149089297656,0.9237808033187106,0.7109272455326323,0.4939649637151915,0.15168373868975626,0.047070919400329814,0.44633329901365526,-0.02647488111330759,0.7061832772089474,0.7940131536432082,0.8163411374645425,0.679735903981842,0.3551902549259474,0.05741180818156823,0.2458828749643263,0.06907100426454238,0.20593514863994816,0.9114707681853979,0.200704874733308,0.23354242984312523,0.7016203019399412,0.5614425657583965,0.34812797759211234,2.4415965891624154,1.9850305147666834
0.8136401439450422,0.26068348401723784,0.5185099678891489,0.6262689160087652,0.31338801935748417,0.6863613718826197,0.46082742212500516,1.0241696335525243,0.9738765793688233,0.8946295254580062,0.3951972151287135,0.08766852768657511,1.0048981500775045,0.8757842395119549,0.10318462753372724,0.6464156544785916,-0.020783476860361444,0.41037034657571253,0.585747425432052,0.7849498819947945,0.10625414864104177,0.3911467236739444,1.0126049779728672,-0.07772107106165213,0.49713138636943377,-0.004039726162713031,0.41259647022011947,0.06363482541509925,0.25134662643229977,0.935336294180971,3.873621691781525,-0.008458055376567618
0.28467215532060536,0.46840229764745017,0.791291282866709,0.15900863669355575,0.21131777067229857,0.611518697724742,0.6203572642159619,0.44240120343113515,0.754038571370368,0.10916589540483332,0.4319219895326995,0.34484639577411563,0.7827903937069514,0.6307907029289591,0.7014261565892186,0.2771738577771991,0.5815484739915311,0.5330491541008353,0.7960253301058032,0.1781818741374889,-0.005259048975831272,0.19874450558885567,0.3622919528192378,-0.1817742661272846,0.2909620748618082,0.19566928063688824,0.4117618155572166,0.14039128976527884,0.5387097240172445,1.0108892026972074,2.9767079374309318,0.0018835776263943335
0.7566824013996692,0.9792177297709904,1.0346287581687064,0.6807926126945689,0.528093285207689,0.3371899919806483,0.17518008966133197,0.5909958872884957,0.3695463512779096,0.7292557125384023,0.13813327267297287,1.0299118198255321,0.5705411030681611,0.8603203580526576,0.4509897544338225,0.3495201389517531,0.5062396888668291,0.26557209545309596,0.8540720592226843,0.19900572004518152,0.923683852730441,0.5122231902029034,0.3750233426332257,0.3547839220884593,-0.05115039183654281,-0.016859731986921145,0.4796893112161862,0.29535643004152473,0.6222672226040116,0.5541648503699386,3.2020779021374386,0.06905487195142393
0.7075870346254883,0.2721600249556112,1.0365352230099487,0.3793023948164483,0.35820633362345067,0.8158587246624107,0.5002308742114385,0.4787765145256342,0.8851148287069395,-0.07572442650788233,0.7829050358108335,0.49355579513357584,0.6610533897764248,0.5636615483817113,0.9607126685698755,0.36777510521289813,0.4441312397783486,0.10319551440496585,0.3533127488943873,0.06423262744922693,0.5368593374436563,0.5844014507514262,0.7773731683347899,0.8862546418804975,0.007313737587663627,0.5135867007692816,0.14536296797382203,0.013942618384585562,0.11749974547372391,0.6150693735906114,3.6861148829653754,0.06650221498546462
0.7329172802355411,0.2489128159570311,0.8260680673545657,0.25843921390677727,0.6919304433355791,0.35245357885959566,0.5838778082470113,0.5920523658458923,0.9032748091452503,0.04466295943017187,0.5417560855132059,0.7279800638256908,0.32784348771259314,0.5109941859696132,0.4140699480655206,0.42404295581229046,0.8178702311523256,0.3611199457101162,0.7900582296778713,0.5684317327913595,0.8087769306825303,0.6330509620595292,0.5024569377773628,0.36352782327449495,0.2917524618724038,0.9418846344702176,0.11226369971496797,0.17757550532141703,0.23481681808455768,0.3931298574424709,3.0724111121169764,0.04728953053543363
0.17279963791711522,0.10997780286127881,0.17020409843519155,-0.0900589278030194,0.9945874436346974,0.17075684541852273,0.24202483603978542,0.7670830836918617,0.8239138418106537,0.3743119868181699,0.9699017197153283,0.7537193168371829,0.2669625361341817,0.7495495590429919,0.16896891326469857,-0.016233744201619524,0.696354661391935,0.4282853085474423,0.7682666134827348,0.4672161442436491,-0.0080861016368435,0.29165407191080966,0.647266851674122,0.08237310532357014,0.8055215677559469,0.34454223776603976,0.1395702463541383,0.7864330577882516,0.5866495005147293,0.15664306200787165,3.819768326068882,-0.06062198205853397
0.09544398050481256,0.7177609134522753,0.4230831559011761,0.161246843448502,0.08913888823164692,1.0397795090256676,0.8069454409169904,0.4676610797115965,0.644373525165982,0.9579750533760831,0.6478310807973519,0.5206546057155464,0.5324301880454188,0.42247845717442656,0.6430069063007469,0.23587813988373335,0.3726667366033697,0.8988862240926258,0.6545044150502907,0.245108512419139,0.21688487420862848,0.2998039011882468,0.5117901427206034,0.16894600563773016,0.43204099868087864,0.529402340758776,0.05263396737561718,0.08240669034970954,0.552885493001507,0.9240362777666108,3.075122502231681,0.008318107316548872
0.8285443116374671,0.2063409409441509,0.3025101939814548,0.3477847494345513,0.7180631439091394,0.15994116761170568,0.7181911841670646,0.07473483902528409,0.6091772280082329,0.36811678467095005,0.7193199985277611,0.9491933272393953,0.6969196071467813,0.8526832603699869,0.7575740523069023,0.8020702600771824,0.7886945868467743,0.1865604557868672,0.6598729312182635,0.6068764091087437,0.24473647250430944,0.13406588091269675,0.8644958906349481,0.3925973024015028,0.5811170120712406,0.15992869635871254,0.3957408575711672,0.4117776726833457,0.20299934456364727,0.3854652942963108,3.246357143576859,-0.024604324708856703
0.6401107040309142,0.6586232662750671,0.24999322465264945,0.7100295453167988,0.4102104004040057,0.6408770308512398,0.8968048747847374,0.18030223203313378,0.7260217667792619,0.8160560831563426,0.9658036270690924,0.12748024717781004,0.593908134427539,0.795714621227021,0.5902615988456764,0.20836764218132273,0.5055964675004516,0.05994608031246352,0.7862032506993056,0.5961894936433492,-0.08862465325089697,0.23405089270474475,0.5207855315714235,0.44337532896499166,0.6964361928576707,0.539254648255867,0.8643972299929698,0.4761826225800079,0.9845231709529146,0.19820779338632372,3.3133600537655306,-0.13968313194233656
0.01734862806292018,-0.18373976927037464,0.2051678977190799,0.7983319086879985,0.7560074753385561,0.9176701981888853,0.0795341705066446,0.7861630018620459,0.748356917581947,0.2475580625595522,0.5401919298867602,0.7569373897755666,0.6501767963518676,0.13475364412087748,0.024396748178290364,0.7172609964242067,0.9329360477995742,0.7072548280581906,0.5840032444433931,0.6663804880912929,0.269933205200674,0.2653066194508408,-0.008969306775794716,0.7344712578166185,0.15251522976650955,0.8086330060304779,0.2480951421517077,1.003331851305436,0.9157685234040426,0.5166560881012392,3.6699864907975135,0.06028080731446145
0.7692245506273349,0.4950269849042591,0.6785961875626769,0.10398332409537851,0.679665774681369,0.6047905114853602,-0.002045942998625136,0.7813133587392942,0.9672556199714991,0.056603641808139586,1.1484996110462968,0.6700467955139666,0.2766890128593287,0.04838653359818491,0.32477656456669246,0.17654358184222474,0.5121826315090229,0.3202004961802727,0.09676552892807969,0.2297370714773683,0.4604549761853812,0.6968299109444896,0.9061319245900619,0.5969570607720593,0.37125330402755663,0.9060230865172515,0.009095330667564044,0.4539468533764497,0.49765018644168235,1.0653722961597079,3.8714167228232683,0.11731272775308343
0.30989473418434355,0.7454007112909917,0.7857990320151333,0.5302736581305709,0.10182481562956286,0.6206324011410682,0.2927655904548311,-0.0243569871301123,0.12934133390236902,0.5663474171527771,0.42391021932651995,0.2534236475784679,0.6687135352766167,0.3923519384276701,0.16986420421187212,0.41721503936692567,0.39358700838105815,0.6231786201405997,0.5308574235926742,0.8091614674915848,0.5760254959829019,-0.17561341091582156,0.302712569908298,0.1379247013485965,0.7436746617028371,-0.011699939742469365,0.3162163774267144,0.47432700710300335,0.9879792471312612,0.4687201633441063,2.979735373324152,0.16354110132711752
0.09704417762337647,0.11855250992082111,0.8824949186857902,0.6137415156604926,0.31015946558041896,1.0719563819267202,0.8022753045773419,1.041197422939763,0.31179702666809656,0.1024003200264196,0.9071773477916196,0.9704159794693459,0.8566375784433071,1.0199380374895004,0.17169280321116612,0.11824428726941848,0.10410105293233672,0.37794951823822454,0.46771416379493486,0.8975925530051464,0.7549740606046038,0.34543825021113117,0.6963990229973772,0.9007093141594081,1.0097175814022732,0.06222853728129526,0.4887438901213259,0.3669731171444662,0.8508861614163655,0.2789621844181036,4.446164467320815,-0.030929303938108912
0.01854932226150948,0.7674454297131867,0.29598851248464375,0.35407244716548536,0.23415725495099535,0.7663584555520839,1.0802641801143793,0.324803544601175,0.8485834850914246,0.29607967992226747,0.8375525074459719,0.7624305854622973,0.7882508814472828,0.9965172569090768,0.8533107153484927,0.5497925022082969,0.6833157020936484,0.18743921043635822,0.29068321344636666,0.26449355209938485,0.2709476585660322,0.12459146631208134,0.3555438219451299,-0.12065412086078256,0.5752222466812159,0.781996933196858,0.6479059333735802,0.5831432638725143,0.7559251756198369,0.6114558193393389,3.057005740283424,0.13060033114766645
0.2205704239890826,0.9002075759633362,0.7160120820280456,0.6108240360492224,0.5383123688709053,0.16906873557882116,0.7526826986617987,0.1969937725729184,0.4191726979731152,-0.023439906644664773,0.0575757898118404,0.06583663876436247,0.5183800082303233,0.4156650070586304,0.7843345815585537,0.47158369597820604,0.5401451159111007,0.4133690085039852,0.8604217276222575,0.13990519497193266,0.6583641697865931,0.11571241221335657,0.3215350560102718,0.6981441674532227,0.4178048317659068,1.0905435513038957,0.2116873113699675,0.2439433149186931,0.2450939082792415,0.16735666218870707,3.163169457205107,0.11858219363827956
0.4362193532609968,0.45785251729375465,0.7127832110128682,0.924163305140003,0.21563787143606772,0.6833377588145477,0.5165255142637392,0.4655802839010717,0.20212807631129567,0.5419149647202233,0.6424921824165062,0.025985711881839263,0.33727602787376554,0.41145120021012493,0.8930570545758316,0.7278018249259991,0.37650940869724786,0.44315588325640815,0.20293193387191102,1.1030579150999962,0.8543339194204419,0.029364873246821025,0.9768137276064296,0.39197335116956655,0.022910591459318036,0.8630637121030577,0.4190928339731069,0.8832652156740143,0.27205007623626853,0.3826117523959142,3.1744597352461525,0.031168730138637815
0.5138517015000676,0.18384169734938532,0.8885067619940993,0.9967853497285939,0.10545727391411701,0.4947186810622307,0.651301928220707,0.33615994334842614,0.7955332217157681,0.5642515917002873,0.45580184758880704,0.5028852298908787,0.20993883450002376,0.8943921947060862,1.0125641102468783,0.9820576692518828,0.607836263557219,0.43488302545765267,0.4734332725028612,0.19120560748360665,0.45872713532047216,0.36911142052827794,0.4288145956305174,0.9799547569928448,1.053012324860722,0.5683571740389382,0.859788190535451,0.6470751175385079,0.8780297647473974,0.22429032958739337,2.9124800574137586,0.08285496618956704
0.2739325133132723,0.614388069366548,0.822572583172081,0.11745554104570745,0.5913715783991577,0.8075733028379972,0.13488828133812356,0.8503869979674614,-0.10552476462382482,0.5600234616386446,-0.056616482854354375,0.4952699492605743,0.6609426257451715,0.17035878034961022,0.9446091431574907,0.7552644929883711,0.6893078283617047,0.11391627455906826,0.43972369735113037,0.942218461255261,0.2133897145251771,0.8656571319173283,0.5073691064515023,0.20051149941476332,0.2984740597082368,1.046242893579095,0.30491472845371526,0.14062882101641822,0.9843972335866423,0.13035476964854656,3.722833100334565,0.04753419003590484
0.7820284399474103,0.5827734968140743,0.24812352452964506,0.597278807978084,0.43138855236172613,0.4917388775778273,0.23020683821041713,0.43248640025282725,0.40034706479223514,0.45561265279501234,0.8925682168096154,0.4361207129392664,0.7050263658523238,0.1299999789709572,0.4475355391883262,0.06700279880991644,0.8963002635391311,0.5419149329081691,0.8436365056721274,0.048974047303225327,0.6043833650255951,0.2596390973475161,0.36526168648300245,0.1005470517357569,0.337060729671719,0.7482448035196116,0.6728163873913638,0.3900787312963627,0.45898560083547413,0.6048254875684966,2.557366420341669,-0.0031580306239382258
0.8024987303715598,0.22072632089876953,0.8025125067977186,0.14640769286001926,0.5443937082442569,0.38221612928439797,0.7504768662089238,-0.07825929228275894,0.24730615246116666,0.5780023500368392,0.6625658980779112,0.7565090029629943,0.3354421588776371,0.5975384966298527,0.9451523498012242,0.9667584948838411,0.81240722606347,0.8772086247418902,0.5635750443618648,0.9967208129774177,0.2880043361839526,0.7537120395097977,0.052274681899891706,0.8877018650305888,0.33664097487988015,0.5882543234969119,0.37946461271547727,0.5297073476454951,0.8518929896872771,1.087795486685819,3.6221611211542983,-0.03948296567626241
0.40814807075054294,0.9469050394811933,0.485976117499568,0.5943868191137202,0.4937117084180623,0.8788655474784889,0.48282104058202646,0.13522856076749398,1.027327709297439,0.03088714796784201,0.10554842547119568,0.14163347283109695,0.5897760105669896,0.07429471377903862,0.03511261701548405,0.5865904803473682,-0.020608748676355454,0.5205377866719618,0.42647829672723564,0.40514106696853647,0.8234720278693194,0.593405603025452,0.21127201763367337,0.08413672559943429,0.3296722990503056,0.8543726266971585,0.43169201531070023,0.530534926365084,0.6160117915768261,0.1709477772931006,3.866902970612948,-0.11433442727194904
0.6978287617662112,0.5452177213403031,0.32638706660071837,0.8409133992157968,0.35233553901124876,0.7866431146395655,0.6946545364043256,0.48498975909563774,0.6795660071164356,0.47573859370063565,0.029978973902601694,0.9082582028212038,0.6730985892130483,0.33070536071880385,0.7613654636454786,0.5523537989996876,0.907638829911205,0.21779264841806062,0.8598302756539924,0.5018400036960446,0.49848513016870216,0.8648459585626658,0.16301988198996598,0.2690135378666705,0.8084715148963473,0.4058051436228241,0.8752840960360296,0.49583659327135704,0.9184121082950398,0.8043953492474093,3.530992286579262,0.18049039856664995
0.501417558940719,0.15924618431396692,0.8402425907885718,0.2691124834753625,0.6312049208484227,0.03838644563191516,0.28082842914330625,0.4996183550151545,0.10651303888046465,0.8752563495616612,0.7783695787006338,0.678452420445754,0.20657432643013263,0.3590633276369064,0.18900317040629366,0.31226343721972905,0.17430661674179476,0.4707390913049565,0.5606108152829621,0.3714832687574003,0.25988745487255327,0.3520121003033157,0.6542237380513722,0.19066168078004386,0.6033830716381328,0.8757508176221742,0.9216655913439235,0.6912956399778469,0.28874240480715313,0.7998877849120973,3.1492673015444272,0.0480980560104731
0.5547032448557792,1.010747717932577,0.18870178070664556,0.3830748197372662,0.9901475563090294,0.29983146388959603,0.07063082411148078,0.246392965935892,0.48389014030489397,0.7573155697913053,0.5360318167588785,0.1660574955706711,0.45873558592458585,0.3040870033299142,0.039443967351812964,0.7354218828152485,0.5089307774485922,0.18969576963000623,0.7707264709217301,0.23245025875008818,1.0901261360489822,0.00769126221655593,0.7975303417087014,0.5594889568230189,0.9815148232415298,1.0636519863749443,0.6682412164327328,0.7697125048153292,1.0548740843954552,0.45649677516602394,3.7066919892281285,-0.13034136440978622
0.09534213660019672,0.14555398034133613,-0.035060747762733796,0.24839341475348767,0.1971005758963189,0.46664167564290465,0.7689975513363997,0.56065325121871,0.21309386913839715,0.6249189961758115,0.7875489266887054,0.8436827834756331,0.8966418469422588,0.4624424771223234,0.3122577088017632,-0.0028377168696666136,0.10332930914811897,0.824128450322295,0.5109452744673276,-0.025178009523395023,0.06634055144160572,0.44517614404821526,0.7887783483639343,0.0008083456839929337,0.4931664584803706,0.8913228262535546,0.5433014269551337,0.5587737666799617,0.6280970953667073,-0.0008363478577475547,3.5399003858119413,0.05836250120808509
0.06289645118319075,0.7209691034977876,0.17718469111715102,0.9703826361649399,0.4675230902640485,1.0805661815014043,0.9877471721240311,0.4432209099333661,0.7258819759311651,0.3944645737636874,0.6094185340506513,0.8410421041963094,0.060888179707167714,0.3366940602778676,0.921590293848462,0.5740409655112034,0.5632735646436523,0.38953210126392945,0.37940345013459287,0.14462023330119364,0.7514692211663335,0.326931750259358,1.053498161928275,0.8303268968606093,0.9317448087873217,0.0802641183751816,0.46034861682063266,0.2400137412836736,0.8218104836147281,0.544319512167115,3.723479452522541,0.1526473647176743
0.7371262169943831,0.4521508288981553,0.2098121458957281,0.1936031655916669,0.056294978823578465,0.2712756021231926,-0.039698453710145375,0.23389388846569864,0.8956088954357931,0.8527977512312881,0.7216248803459113,0.48361891446006333,0.3419346874054988,0.9090228113484624,0.7573263653299062,0.45721457596437853,0.30502257954381734,0.08602250398811381,0.46381649809538905,0.823867388550344,0.6079585693667091,0.38120764312394745,0.8089702650967946,0.16481784525263854,0.68724374358668,0.6153794747870938,0.08596495575842913,0.8391748682465441,0.28156585758668684,0.3151556469648142,2.751420255122907,0.13339502998699215
0.8307614703599221,0.4159420775024219,0.892615859514084,0.8381141182147483,0.12114794713276081,0.9268708507542031,-0.047770542129958946,0.4990755867236201,0.7232615791553769,0.8243216125711966,0.4163541955329608,0.44843805226454814,0.9848925755475556,0.6546414502903324,0.43161004490219157,0.18962402537992587,0.38924842365803103,0.711878889236237,0.8872323931261179,0.7971083912842902,0.9426750241574928,0.7748763404632713,-0.04084579700392745,0.18608997174770772,0.4497495432759756,0.7566597391822537,0.6108589818740723,0.532594586411249,0.5705934903862893,0.48714541636700814,3.291735489329726,-0.1462820996671373
0.24387154673281658,0.7452838934822553,0.5589796435118174,0.02683037588207207,0.5114905466660926,0.08667915168188474,0.2051981097913348,0.8627973740660683,0.28181694951572966,0.7409986633925338,0.49405490856297685,0.6185790521369346,0.7330141665726644,0.643574077431204,0.09368771219114647,0.4571242850765159,0.14931450495369858,-0.04938918582217576,0.25471641820033236,0.5637440914506202,0.8261082178149483,0.391638186955151,1.0467241020667537,0.39325379177169506,0.6700309541916631,0.7393376079958537,0.9265562363756157,0.601711536950912,0.7841775986970453,1.0029923978713242,3.6415603113220296,0.07917607816256603
0.29166851881998157,0.9155895861643362,-0.10045395064595385,-0.007151341191879953,1.2123315951737483,0.3112821954654236,0.788885739245505,0.5916645535434079,0.41251875964053414,0.20859842546334154,0.5930160402281444,0.39293466753711465,0.4475731289757593,1.23610758802029,0.09212306892247057,0.45123424580202265,0.20302683093786242,0.7493331863751537,0.8419795551045587,0.28083476882711295,0.42777780440034135,1.03622159956892,0.927516917459266,0.23488085159406857,-0.008956515692918984,0.7581825079936548,0.3310963000616127,0.5534546148061044,0.3693475402345793,0.2003907687505011,3.72818384881662,0.012317296311313905
0.7064733795533155,0.35095283304786007,0.8754369172345889,0.29461979833377294,0.504273929587041,1.0947270817142762,0.23709344308834424,0.4538995233810139,0.38068779404871633,0.733309306033628,0.7947059675321134,0.2217038138948725,-0.016820054801950174,0.28931294361241505,0.6983670567189775,0.7711506477235125,0.6006585637579364,0.16349399911704482,0.2202623314831288,0.6079399650697879,0.15919379012288273,-0.07325866532440901,1.165988151071819,0.6394535335729242,1.0724656447752183,0.4059567730728993,0.7750118826465442,0.5102902175060341,0.50799001094351,0.7607519561416763,2.6399083329408417,0.08342253542789445
0.4467150236032574,-0.1114572534166269,0.41228821119270165,0.8397786454042966,0.8474249064590268,0.3175412797126394,0.6840140604380528,0.27517519747495967,0.7992032993941778,0.7428598421803272,0.5056345582931969,0.33810104511804734,0.544799390493937,0.07199738133151667,0.906360074208227,0.7840885074978502,0.66298107326909,0.8805526636229043,0.18921232366002702,0.4398099809445239,0.8413867224939,0.5364855760843754,0.2864814234529084,0.5642496893249853,0.4746174077213684,0.17639417694110374,-0.028213166769115602,0.6395073940882119,0.9993993841111862,0.8613520491004043,3.0252955968614867,-0.03518732312489402
0.787267081821962,0.14516301991958183,-0.19177008382758726,0.8859804799723029,0.04380974667300021,0.9290521321925009,-0.049865407530471556,0.27117750941493446,0.4451208553729916,0.3527776766403784,0.9429812832149188,0.39845312628426643,-0.10886903015758136,0.6786896040534531,0.041026855381701574,0.7119146649837237,0.642643089405427,0.1592610097761203,0.06678350341166105,0.30531393300667514,0.6568599213272558,0.01751659608660561,0.3552864300942027,0.25009099893013803,0.5688692571885346,0.39678151948376544,0.8099138574979265,0.7870223066038167,0.8287932727664454,0.9342694917300615,3.3285642881910076,0.09835945043474885
0.46396590765986095,0.8479835135559731,0.15360596169310212,1.0534315715359113,0.35021692632027934,0.10186147668303802,0.27389369281608456,0.6814436945273133,0.1736868584982356,-0.047489484499245574,0.736439365110021,0.5105352029943692,0.8610976033753647,0.6432878452101528,0.22435239287261027,0.8811222841092894,0.24257693299427305,0.34849933476991746,0.7430136231709101,0.17662919494936852,-0.09910846588006039,0.28634118961403904,0.43619410213768667,0.6698693050748379,-0.11536548874114766,0.09518531464459255,0.2426091123981194,0.7257263943639246,0.43356565700031824,0.7636725926204283,3.803251324051876,-0.07427350792626396
0.5988928208843866,-0.15106082997787737,0.5616454136527095,0.312964516532704,0.17424972927968396,0.39046631350170935,-0.09187915480472049,0.509624103611175,0.7865372914678215,1.1305503824479364,0.7244371810151149,0.9429058031716055,0.44676626864197316,0.7585608394550398,0.4552736037491434,0.7768413187328324,0.8099096218080069,0.1395100703830414,0.03628501236855301,0.1636904142033668,0.3353036242718047,0.8387522563025128,0.8512975660639703,0.469461929016211,0.8525715401223499,0.13417530431277833,0.11856545033203642,0.31801670004637483,-0.05149421334298088,0.10577240012300651,3.994618905934761,-0.0015743330407380664
0.664197147042175,0.40673489473287533,0.8828574502108406,-0.049566872547166616,1.0532045584570693,0.2290880621444364,0.05017866474060531,0.22951107028923068,0.11975263258591815,0.16158159966434954,0.5658065870654142,0.4336265680430202,0.18171909622771132,0.662808474379949,0.9482618364185487,0.30700011088048273,0.37806779666727997,0.04052451890670217,0.4093542597512382,1.0238637396234673,0.20772036592771925,0.8420563553391536,-0.017744918281905706,0.657197828521715,0.1413512099883399,0.1287756096337871,0.4812341742550995,0.6666455813919285,0.45497965147612796,0.7764867436478623,3.768391082287771,-0.04314265052580971
0.20423811359280447,1.0114258559644702,0.7508325246647488,0.8462536682475834,1.1048899031147503,0.9839155453660845,0.44643685203634326,0.595059656318686,0.23657957725268922,0.49832873074485123,0.10096012985666745,0.7376247683289248,0.8594332763619764,0.44890037057960885,0.550286570038619,0.2435746692578584,0.7739896362885105,0.2926775611550643,0.36493060112211734,0.5235203256276467,0.4168480360658265,0.35266977348153017,-0.10838967432488024,0.8868151762125883,0.4986796990305156,0.2474894867308216,0.25561436581667246,0.4058172235141918,0.821908740941452,0.22440335707076065,3.323448636900268,0.10527330539103404
0.7924934619185177,0.0777451518608976,0.48524893203816133,0.6183068720652485,0.4077334317958274,0.758842614797176,0.7107290543732051,0.3115356045537861,0.5749755238631611,0.6920212772941958,0.26299101785186835,0.0563899468109159,0.7316954528608574,0.12124106885200886,0.46482553704930935,0.4772071354744566,-0.010741887826045418,0.5774674975089847,0.7422437746975354,0.2956849733822653,0.4647081558302526,0.7626539138844898,0.45230211954054717,0.31047111600505295,0.7028762979860529,0.775340670987998,0.09572590153682523,0.3445457001395045,0.40893745497303824,0.36638802435466683,2.7009463356675574,-0.011846116846769367
0.6376587590715889,0.2585855928648761,0.8137250440037628,0.48666618382694693,0.477067007954514,0.7143486238401866,0.8214097884499082,0.09167928960184782,0.7595920535376868,0.574843467277764,0.8531088095095413,0.021938368318898865,0.4951960242578629,0.5442762278701497,0.4494276640622058,0.8157429825374661,0.0726082187870331,0.26527103788522566,0.5564753300103911,0.18798531221580964,0.44377943275147785,0.6447826784011313,0.3557479543516068,0.140324126227493,0.46016663496482646,-0.017121188677631294,0.16572292046514495,0.3626380421544412,0.12508859614151935,0.96903812460939,3.1241423910962483,0.024232726609137348
0.21797010148247029,0.4384186485937577,0.6874372136241208,0.7634830634674482,0.07831987075248842,0.9053138066812584,1.1289805169366978,0.37238040426874247,0.6996327690982662,0.18565754892113145,0.03399334914817778,0.34590381935405695,0.15966537313513152,0.8745136234770361,0.8376032968233891,0.11780797718843308,0.4933376223012332,0.9238759796891183,0.3501441795142156,0.8005032229646417,0.21284055726212345,0.4349662107218427,0.6595690786895626,0.2823893012352793,0.31056937943854196,0.18670201350615942,0.9299516779965374,0.7243280874210031,0.14409591097941743,0.05286399250545859,3.7831339888168936,-0.06730804720068934
0.5455620922434719,-0.28919053520209187,0.34275568200532835,0.5658869916820117,0.29044466617669973,0.13549423782746714,0.19223647073573288,0.1799539521332157,0.8754945657670474,0.9151045351672031,0.25612697083569275,0.644861862151737,0.303309519725963,0.6641208964185289,0.6982437862917734,0.5746107653298415,1.087773097449029,0.08081164393348367,0.4965261755525532,0.07043047451110801,0.23290012060362028,0.00011854063379301838,0.44197574767028147,0.6192948682056285,0.6607004261288689,0.7232794739977003,0.6120920215091457,0.08312550133162444,0.7396258593400251,0.8269948105787044,3.3599281626971864,-0.011400645837499064
0.1938981351806849,-0.004908162274761339,0.3856559789605353,0.2609454630562768,0.3188124721067568,0.3481652393563944,1.0142599085872293,0.9973556095778454,0.9191784095421921,0.605526162263525,1.0557419422970886,0.8936983598902167,0.09830086926937287,0.44174772303092413,0.3330346342296741,0.7022053893290141,0.0864398449136118,0.440682399802395,0.5671462652211174,0.031735923167002064,0.10261565261905546,0.11679145489444961,0.0361606828469071,0.28950187529795546,0.7075767437356207,0.03148775294221587,0.8095014367272771,0.8999473681560257,0.6862596011117809,1.0399189091219188,3.751949264084699,0.03433438209931602
0.8233348041323407,0.5570085408237655,0.6771169943108537,0.16809700886749726,0.5513215785415839,0.42901345232310567,0.3072797847660918,0.22233617746518253,0.31463513596132375,0.9352712495596344,0.028653785240893292,0.024017119262874094,0.700800285614077,0.7137957338707482,0.14937347034032794,0.49223141304793216,0.38455258603300113,0.7589720266072745,1.2451895394533339,0.4863940127982267,0.740654929724213,0.9438827135029271,0.3505804587617381,0.16853619887109625,0.4539130415728431,0.7934453029148899,0.6056403340259334,0.7218204303788176,0.45225113136407136,0.1780786055024467,2.8341496882207156,-0.07735077229269463
0.4059123794167406,0.7652266692447269,0.8152748324183109,0.8503364423541981,0.4812336153840839,0.43050958826155156,0.11585552511273067,0.0200211959526449,0.2296733246554401,0.5432663933537163,0.7601359447526707,0.6597395417828853,0.5088491363234541,0.3166125198471364,0.13618249751368813,0.40684113711393166,0.3016424704090784,0.49033819984042903,0.10892094798273139,1.1549738145935524,0.11216732367965143,0.8062709947273268,0.7157497443165949,0.18916304998449268,0.9938770696810271,0.7263166109191265,0.7265058901620204,0.01911405514057768,0.007798839876458864,0.7503758985649888,3.46215756056281,-0.079107395962486
0.33437203919947556,0.057432638877467274,0.646270739777048,0.7657151645578142,0.5889330615073409,0.11622555541376829,0.9211625499530878,0.13987228905175855,0.7970497282106241,0.46843804145968737,0.9774779833869962,0.7728788880763956,0.43757759911091165,0.8393196042447153,0.9953439140874366,0.8665174786564983,1.0034302253578904,0.5931923869118243,0.5642456417356384,0.15905968104801055,0.4113387983530272,0.3898720106275687,0.8832996521932669,0.3894621746004084,0.1871880184704146,0.6392742063778999,0.858695686431572,0.36955219358373614,0.40907716433219354,0.8193544827511153,3.651998935466713,-0.08763419863087693
0.24231454628286023,0.9839776107216702,0.9504531204373993,0.6964832007322465,0.9378813581578148,0.5108072738703429,-0.04367280601136801,0.8988131380029835,0.8455976046929674,0.15880619133968737,0.26607147646131124,0.32905620418723075,0.3492692804868129,0.4149204921273975,0.325804349173303,0.9207537871422151,-0.1273446134074216,0.6937428060652555,0.3396256855504518,0.9018029286571693,0.8280837360629574,0.19054211932998613,0.33125526188252413,0.4129279303940026,0.11592020783173995,0.6577755695789339,0.19061400492499583,0.521582349935992,1.0064820373097274,0.956813164649277,3.3301976590049045,0.05146127476133758
0.475425651959111,0.9230412912528995,1.0591109723666279,0.6331111905906422,0.129446158243813,0.37325284934037173,0.7374539127107016,0.09005906210474264,0.4013624313895913,1.0953658405550442,0.8806348194598658,0.3128040446850576,0.9189923942803867,0.915583215661463,-0.0677312324691054,0.39577095776876603,0.41204717023479337,0.42330675990022526,0.8577694505284293,0.3375984000034953,0.9819431218130537,0.7921758781799834,0.1586427033197245,0.6167542677793099,0.7129090166047403,0.5356930496941017,0.020154499080610733,0.10633462759369089,-0.08150698899667475,0.6552385141348789,3.930605112417139,-0.14249772154523724
0.8477684694144754,0.2315100465833133,0.7273437012488007,0.8628888716903073,0.8780269319660983,0.08149083558010534,0.9785088458668447,0.6589255010576315,0.11101454248536347,0.39804019384635037,0.7232707587781286,0.8839239310692827,0.2226921068842152,0.5809364430238624,0.22425747960955786,0.4089132411357156,0.1705351675952496,0.4037728039664207,0.4222859612654997,0.8321709730098878,0.930946280618981,0.7574851565217757,0.285724577969034,-0.11557323077618761,0.6613612521242691,0.22804043069971103,0.49386891906361075,0.7055315545076849,0.08276346095541828,1.065312961227557,3.584138531639222,-0.1542402738413679
0.3273543866631111,0.17249048502892692,0.2993504834131969,-0.015707935318791305,0.7565266356670177,0.7919514739307515,0.5285844276790236,0.14941007518668137,0.4536950686916429,0.7691471663593507,0.5302902909359087,0.18214448296914568,0.8633562808466548,0.34003840982121947,0.31311405920748414,0.2745963219365113,0.483388043530232,0.234774055956384,0.4037265126093933,0.07424691845416966,0.838984773550711,0.635305488071441,0.11961435179349049,0.04373960913243223,0.3575055318211744,0.353171292189406,1.0047337401179242,0.3253712586389432,0.19814104935658794,0.42881062499813655,2.8497996089585764,-0.06092380535601474
0.2547811532303383,0.3984646889100278,0.45515697441346026,0.7871685020675221,0.9703535613419146,0.521674813482843,0.3476273055686508,0.8423056704498925,0.19146074280692782,0.07016323178237095,-0.03670788078320306,0.3402357363208019,0.7730195192335918,0.07729398680692189,0.10806385057126931,0.6032507018938158,0.6414429109000378,0.6173632498404265,0.8780467759318252,0.16938082160594975,0.2744545850554098,0.8702911414489576,0.4821796519325512,0.060523022381843636,0.6916905188427848,0.5605871282389503,0.7393988640292581,-0.012673747473858077,0.7720503368175555,0.20611743684247627,3.480811506589208,0.002901180665856706
0.07456044115561793,0.500837841664588,0.01682650480969375,0.46464104603534045,0.7584895046789355,0.6776289400911927,-0.08824150228624277,0.3305120255609583,0.09223724639381362,0.39039798595296943,0.1567583711419261,0.9735873689693922,0.03268585169373148,0.2439034891447068,0.787796644790111,0.8627923171718378,0.154453775281303,-0.01863766276726684,0.5455106856076215,0.08609456472696653,0.5544912152807545,0.8264372963260838,0.6583380173610516,-0.11183432908784091,0.43127958252048204,0.1165486759000613,0.8893795224649177,0.6501535860239283,0.6344876373821176,0.12083918705116005,4.06019391090588,0.10196617459543014
0.7512478101666852,0.43492459847654574,0.8466800360854952,0.15009076923159098,0.1235345899905069,0.44939892033422507,0.6671240859044241,0.2137712937901629,0.8585675431757158,0.28678933536470974,0.34192919899192387,0.191528903005031,0.6183208843526522,0.4995070479037533,0.5298392617936711,-0.10559123515852545,0.48979126242215854,0.6674518205032515,0.21967272269926497,0.9488035622449487,0.18626870375179627,0.5154375326362651,0.32375912444154165,1.041364287326677,-0.20327893929552363,0.4871884008746442,0.881306944627373,0.09272679492573412,0.30922770058602966,-0.12152020926176516,3.1099312711899882,-0.12651211226699005
0.23864879882432605,0.8167629606870723,0.6747287967786151,0.7113190548593193,0.8365706882881637,0.4833650984996882,0.6874130909630624,0.5990812091088976,0.6766288256645213,0.1558669651137329,0.9178421920920073,-0.005192222612464277,0.10491479869154798,1.023447760135068,0.850116127172649,0.6731540957927813,0.16479696544207045,0.16912921584553725,0.6181448887273253,1.0334868873790835,0.7791662395153957,0.6968135251473566,0.5234461197779204,0.8139085500079773,0.7923902603541688,0.15929616781010253,0.6921048861315038,0.3527986671922063,0.8442003907104703,0.7016331147447188,3.5423530534578194,-0.07806871117489479
0.9484824890562387,0.9597078301555777,0.6316706181327887,0.4936725034937545,0.25468193968265246,0.04317151838509076,0.7082558974913833,0.13110916901215347,0.6172504808972589,0.10956699083073193,0.5695127828210585,0.8088207045961047,0.9628356331400612,0.5431420588897476,1.0480249107346138,0.7886121085644812,0.3339363249124363,0.3297676374726276,1.001891001642261,0.6296821162955346,0.4837556942425572,0.14342175137740415,0.9058110684353587,0.36580332994952197,-0.1732006514691324,0.2712105673892823,0.9424522106632172,0.6207454976039496,0.4309081182172091,0.3464993391760731,3.237493077656328,0.05426962617884093
0.5485484581511845,0.9635968159963271,0.27914152803975434,0.5110005736741358,0.5238008088873508,-0.012459553821914868,-0.15737132704391615,0.47108012101033087,0.22432500612810968,0.5945473423304393,0.47610285009434145,-0.04274300008740297,-0.10903177060360525,0.20107779492743202,0.23805305476613986,-0.014402606655026504,0.920890203033275,0.6912855571726412,0.8745994526865398,-0.0051112877990614515,0.771653289307706,0.5555077287706393,0.42764457211900925,0.9094536019305518,0.8821781723787461,0.16913517505402395,0.6103333178189762,0.6952226192589392,0.9509415102662568,0.5913926797403342,4.206008622179426,0.10130693860694912
0.5225279596792646,0.6768155314569941,0.12913478864163994,0.36623127783268955,0.5320213737870123,0.658287173814536,1.0524617895275457,0.46768024716203194,0.6351502810694231,0.7766435934050103,0.3664389031946764,0.002977493030931755,0.3231463577688724,0.8624772136584754,0.6872151461032545,0.9518203811312609,0.13290641720763113,0.4317258822505574,0.45556625296629566,0.12184673425075407,0.833895658504388,0.4321902048503561,0.14010909736506869,0.16781031411728325,0.8420400422605485,0.29096432313189585,0.0792422081709846,0.7592012547268612,0.17254234954825148,0.6351664129562349,4.0896444560696805,0.16182373040599107
0.382437848598819,-0.00984817774174257,0.37236797532189,0.184324972461898,0.9253677668991053,0.8784543182041714,0.7474604481752348,-0.06522649805351008,0.5337324262454267,0.5248181087051559,0.6172528281429626,0.6002978011873739,0.36109406170083735,0.6799954240277111,0.009499505019133964,0.5548802235386238,0.47684907022810136,0.570248225952611,0.7280870979396743,0.9377057367933741,0.4756843157973304,0.4401605146634444,0.7306955853627639,0.16085045429937592,0.9477564581827074,0.49785804222368374,0.8878729120853903,0.8657733245592688,0.8131799180432058,0.1992147470856822,3.755520240967671,0.031434145875981596
0.8347385006777932,0.30421501296184345,0.7192033705937078,0.45368761444973804,0.44444999940574115,1.0757997984465073,0.0487872914435213,0.4059020341530928,0.7375626217623389,0.2059112622948701,0.8961916104889988,0.2909918325900258,0.24380260267674697,0.6106130209104894,0.44116149628448614,0.8511621081858208,0.6296298261147255,0.703183969768091,0.6319429361942439,0.4387849658296243,0.9296219761344795,0.5399460579071467,0.15745435383969345,0.6306472048077669,-0.04232788449583518,0.43688065488246763,0.643189969750263,0.22898214306263487,0.9020644389624285,0.7518204303184681,2.7965079206727492,-0.03955820251884983
0.0573159785519996,0.6792646906160349,0.6678347479863815,0.7702429699966374,0.2812109917575076,0.8493508897258498,0.42546695410749286,0.48056286797059733,0.3886701548753563,0.3729543558309243,0.735440491129975,0.9600916859478605,0.704868201602672,0.79654101591697,0.38497062132646065,-0.09774038033327967,0.6908465297496638,0.9798473977017529,0.17511306423655237,0.5831550677763154,0.3795662600797502,0.20627699160819596,0.7511816847055865,0.7357069328285862,0.5605346080204454,0.6563793979541297,0.7995321299037698,0.21937089760108489,0.811540450138435,1.051555377751336,3.2311439497155336,-0.16366415675755597
0.5203827124458149,-0.01630256180320667,0.2191549957267258,0.8792434886964404,0.8074242506639564,0.2762825166847784,0.8573163525601073,0.37364813320859164,0.23481291217825942,0.6271849118905595,0.3985089875803718,0.7367976554188745,0.8823888497355904,0.07700150082952156,0.48484526653920246,0.4514927535274059,0.1930176186764591,0.4613741893309412,0.13677535184493173,0.7543500943240193,0.7910819240775537,0.847373941147599,0.7973115727501252,0.5817360416163304,0.8943659112200566,0.8727167501598765,0.08714365784249758,0.3783223697966138,0.47327769353561233,0.424004981500863,3.865597902230876,0.10228960459818506
1.002638078855959,0.43970608099243846,0.749162436931268,0.3469590073245843,0.28320282868224017,0.4871906725474387,0.778696433139685,0.49344354880062197,0.5304303246182247,0.35924563887088673,0.4345889190063896,0.20689447935070432,0.6631320177957168,0.0780604204589095,0.4392277016844732,0.5895481518831187,-0.09891265752655895,0.4679397357012653,0.5399174920382712,1.033627316290004,0.5439858049355593,0.5086994602054964,0.2674551977238312,0.20007654923721477,0.5263461557476433,0.3658617546200304,0.4718912353249898,0.5963866534371441,0.4070453615440616,0.9199750082931658,2.461968880675649,0.6652763317354558
0.6954473949981783,0.9859110612696553,0.10448249573024537,1.0434890212430783,0.4593108640235023,0.11750855870452594,0.35827177477144584,0.9474367154176744,0.7013626184634691,0.43433998307546906,0.5105757146419013,0.7591107664412597,0.64584830869975,0.6376131563236325,0.34627321822173435,0.4435588384246163,0.26102085115250057,0.9038287822243422,0.38103166939308625,-0.08084027405837566,0.07473488509944559,0.4959497208254239,0.9387481216628589,0.2798621255991307,0.22172267438748533,0.30284479531534847,0.09367896501287656,0.8861984272027751,1.0622854676325664,0.64674700344957,3.2018588385132927,-0.00313907028523103
0.15787770403691564,0.8280928392889442,0.7651908745787013,0.5911529053346607,0.8832933116294434,0.026234592396353146,0.7530596840790834,0.6180060441792299,-0.06652448767655317,0.2909122815986949,0.3322942599372657,0.10129714929190559,1.051771533112082,1.04337236807373,0.5040183500087477,0.2946904219084392,0.3077815792780152,0.005260236260765832,0.07087285809895527,-0.00212551602160993,0.9574483836488841,0.3085310059205739,0.8171974607506415,0.1317733717723184,0.6012525986372135,0.15756332623953057,0.8409704390121076,0.012851909602412642,0.5270095474469856,1.089746221254153,4.173245742847015,-0.19241642011816593
0.9177382599020528,0.47860443907636924,0.4339028140718009,0.372317779602906,0.21510177684641485,0.6101127218748517,0.311885275934115,0.22105328132053947,0.30784609294929355,0.12763864107946493,0.6963953933774509,0.16797965500834472,0.302023529262157,0.4300639951192718,0.17352735560063412,0.8290153803634581,0.8055129693280525,0.7691310340777604,0.5378596198980657,0.41215402857047206,0.6081294251362135,0.8004655769118135,0.12192328816526317,0.43511609141374763,0.17394453147741662,0.2431729410615409,0.29764372515425763,0.3996494043207573,0.96953795218041,0.9091257235151053,3.0994419184795583,-0.04513389591428076
0.6486195973009861,0.7960929973833044,0.5251286946434257,0.17955868487667073,0.2933412838560766,0.8439590959720115,0.045536107958078526,0.8289448421256961,-0.002990452335155395,0.7462663125099196,0.7047023109067436,0.6378450327577427,0.8754802735962659,0.5627231831159141,0.7721124106723828,0.43193964946703056,0.5117070289986759,0.4852848471540669,0.7179992410818589,0.9499708511062667,0.06202442107683623,0.082232024065229,0.38730608300716524,0.31120403104625033,0.4679133492106124,0.11841591872844892,0.4177538115226699,0.28992832734343327,0.2583443974524111,0.3048611014214685,3.3248551982447334,-0.07893925148262756
0.48554748165251693,0.36331408094034445,0.037279145222265914,0.9619430432823547,0.41892412561884773,0.6768195992223078,0.2153126099030795,0.21839452652466762,0.1938245217238099,0.2806800742051784,0.7817872357607651,0.5034087836382665,0.6093892564853955,0.9952620052309122,0.19683787252418047,0.3156829447953131,0.8688820066270889,0.24068343833832118,0.4478402574402522,0.8576753646146282,0.6626953344040066,0.3206104367938962,0.35150003542653,0.29509811825577814,0.8267270862657419,0.3271585356210635,0.10505712611474222,0.5265297480623602,0.5857899317362235,0.7309918667316325,3.189024969263989,0.04202649703385439
0.9282890620396,-0.01645519278688764,0.8889423467087392,0.7516576589161418,0.25135538323602913,0.5661182598620631,0.3213459546723043,0.7963054022287724,0.31012706290261527,0.2064430679883665,0.1933824820587463,0.3600438541310507,0.7701539108839495,0.878643992952045,0.26192747246907044,0.12386275260112911,0.8466886503107109,0.030395578974841214,1.011645661208485,0.5798720461155449,0.8018134039044941,0.7669072169505118,-0.02866977965199231,0.9284704904463561,0.6051235188314582,1.0041376281159302,0.1787729108390082,0.3946128132258094,0.20170851223865546,0.398103374669703,4.518050016194997,-0.12948025349190295
0.3777386839136268,0.8414515628030935,0.4971722243332182,0.5020903153991613,0.24034669011299037,0.7785717363942962,0.6131862836246315,0.8460471491950146,0.30780775794049897,0.6015620969737059,0.32735599691281614,0.8311704853748401,0.10849370988388833,0.966572146601177,0.5625898459820879,0.9669017716443875,0.24643100596355522,0.4174823021982884,0.9700810366635906,0.41875159162185593,0.7508464553347607,0.5096234816860636,0.5580062596907861,0.3706888838609895,0.9581298333238567,0.012355837227673083,0.5822056537960432,0.7651782053853318,0.1863928377031028,0.17158491938510184,3.0118269877429826,-0.08014499719694577
0.22680401589679242,-0.1733868484111598,0.6661419220561178,0.1776694299781336,0.6751785755495818,-0.06264918730151733,0.7562132509312914,1.003004744084463,0.5841726526223167,0.06885133959196443,0.9699821525186767,0.37914129751157755,0.5394279220010776,0.9738710067037881,0.29886529628032804,0.466647180259221,0.6691071787336211,-0.17110472086687206,0.12190709864450991,0.5048885146590947,0.5047076432593531,0.6421674421153862,0.5002609639929148,1.1725535985526383,0.6604944371277157,0.577291398454698,0.7688251207996084,0.5993262049743956,0.6450434465614672,0.6135482207696552,3.388925488467289,0.1267005471883939
-0.007929744284347853,0.7547023425349074,0.2831737373299244,0.09266610833451001,0.6126287282406858,0.5299184743393424,0.9830503097711891,0.2522602760022886,0.8568831027251449,0.35510164310930425,0.7440865366879514,0.059688417914543275,0.2250004355717669,0.33285865069923976,0.2988275158403619,0.45032270401003904,0.8519967324118516,0.2738503145858929,0.5417239339354849,0.19762444342285607,0.8531680516781108,0.6867885687001233,0.25088260649773236,0.5066591895860367,0.2430822088654718,-0.07811399201463835,0.3599199030271123,0.9102867036929227,0.05044619150396212,0.2289037209492763,3.3006695001545108,0.13797295789978986
0.2846478337841798,-0.03784599754241119,0.6061533329578984,0.898986905734043,0.7518951011428764,0.17953448280391313,0.39119496155149247,0.5210624456670405,0.18527459124252973,0.8297618036604305,0.1352447435167558,0.37610140383824076,0.6978337978127735,0.10889313715446743,1.083080937478307,0.39332516759097225,0.3673772268761821,0.013996709895178663,0.3994360242020311,0.8915183614303872,0.33338990673969227,0.473304593284763,0.7977608048621454,0.6871664050407795,-0.056730445887001296,0.045582835891528756,0.9171249961339594,-0.09460567999204866,0.3246434089195459,0.12279463503500843,3.8571555349112727,-0.1208818389414123
0.37950559574165116,0.8959149122967665,0.9980613327610821,0.852605610561185,0.41324391622525203,0.2380172685774234,0.6151030322371989,0.13754639399662508,0.7646283503110095,0.12255519742906973,0.34170607363674327,0.6544722360549362,0.91698685375038,0.32992135504445225,0.2903865383530531,0.40991913153022846,0.6795234837825429,0.6504018076022897,0.6771494830981485,0.7011340125536772,0.143635616528616,0.5409453131475792,0.12688807150657044,1.1003848536353908,0.24281487812533697,0.10197199672505784,0.09581188956368633,1.050226287302323,0.8765997688614193,0.6048683613054513,3.506631351949996,-0.043749304531485
0.33951485457409264,0.23120893574246054,0.30215622030086453,0.3601265718591097,0.7019250365455632,0.31881594309625105,0.9374462462863346,0.6360174051192955,0.022034126326034097,0.31770117562113365,0.4095632183754309,0.5238928692168807,0.01468076113062855,0.8809561632350336,0.39891278225705284,0.5046052623931891,0.662128256830422,0.911710505053763,0.32932561143757116,0.051130565161645956,0.3493424865664123,0.5228293567795236,0.1110118003591371,0.4179441591750443,0.7160703832457849,0.362318069122949,0.18129433789141902,0.9476754148818118,0.7437043980311705,0.5696070803570505,3.118937787346394,0.10810201602005341
0.27035855377602214,0.06534850884695728,0.6696762194146066,0.8134399006319804,0.06861420143083928,0.20801171953653974,0.8934443161073602,0.6679793086120059,0.2966805026688095,1.0071499348026391,0.39982059806008985,0.19108660645221293,1.1209533084474739,0.5739532894341733,0.2996173140640866,0.6813620991653294,0.9362184076604632,0.7960275757064206,0.24233765040761376,-0.012475397579410324,0.16801394016799379,0.973806316940305,0.3053129886303142,0.21835062024688737,0.6017301618707124,0.9300048233554479,0.3557133794524596,0.8195981385792264,0.09881090745118755,0.3172153798107215,3.36626609780626,-0.015131004588506214
0.7429402917357302,0.2185001746136815,0.7151351737019367,0.26811748112093703,0.9326382951249665,0.7639951624968958,0.9982009719845855,0.45087386366579707,0.5728393815919702,0.47610540817980823,0.7194095241410945,0.5555908552761485,0.670687104524649,0.2029644705000797,0.6852423143744095,0.553792904084801,0.15640409545480094,0.7351851550971654,-0.06744438432595459,0.8008390761608747,0.6334467476499843,0.8806632628152437,0.407616228360378,0.5198279932565069,0.6531293134349742,0.4382520010731863,0.4658965610654438,0.32543321610563103,0.7618856471804356,0.912858566793654,2.9813639665218052,-0.11945495783301155
0.04946637896952033,0.3586684886176845,0.731849363159278,0.7775992076279388,1.1669747621629118,0.279401507054394,0.5156020535193153,0.7923224659293681,0.6647322132289827,0.11673292435056017,0.1378662478333029,0.9298563488780863,0.4472630248775843,0.2259490649063598,0.5754214285400222,0.45015353243390116,-0.030775618142421662,0.3587302854196335,0.9738202213875214,0.2927635875700156,0.11110282355503504,0.6658931536305978,0.12062219173889624,0.233737110696632,0.35647455170607223,0.08797657379257709,0.4840959263572614,0.6340357109369069,0.055928589792111016,0.33599885614891184,3.060789212213319,0.015380616671905323
0.31503827483684865,0.5537564211944268,0.2772402614270512,-0.02275656596059989,0.78692237815729,0.5811060314648442,0.5207494281644465,0.6173563243791919,0.857680454462473,0.16605302163525995,-0.03669615521790246,0.6718497624238192,0.5996886625527228,0.7752610052353813,0.45096700630634,0.25404390074379635,0.5678816833371938,0.40885034866919623,0.3590097496286062,0.5086358311957473,0.4441442543677742,0.09254073215182904,0.4288266371354525,0.7231666972001672,0.21223125038692428,0.22723109709438738,0.6829660977658711,0.5776953822055662,0.8614231576227172,0.4025199074786223,2.857290346510074,0.08085242151680778
0.5375484990375783,0.3867279250916516,0.2575599401334764,0.48432634618391857,0.5564468604988221,0.5802731542891485,0.27581045159207673,0.6673307082132701,0.3531171520783156,0.7033984253323948,0.34560653362110877,0.6674373911718798,0.08091692023565442,0.15653235289711404,0.20959736999405787,0.6129652200312592,-0.00032009293606112543,0.43571259291452874,0.6064927530551092,-0.1234861195503629,0.2410967204811205,0.3814165297297367,0.8673074043710437,0.2608286520044534,0.2177531049921957,0.5584368551578186,0.4290835126249974,0.14502461262313482,0.7305443966161493,0.18863771931027895,3.152359128741731,-0.03952539113509441
0.341095026060251,0.041586983860899124,0.5300682174109597,0.4528253006812753,0.2227124865766512,0.33139745829153894,0.6061854148911031,0.7608330115327058,0.012974549369099558,-0.21345876650175252,0.3336035365778043,0.5574866669572229,0.007711036076118866,0.3782864731878839,0.8988077405172037,0.6467659325719377,0.06877528544598804,0.8175457044098913,0.31593036335340063,0.3503007309558305,0.30250966440085,-0.10304027974542682,0.6449915866819299,0.3192200300248155,0.7565733791832672,0.9528004483062409,0.14969007754635272,0.6900839659626697,0.04912638943272424,0.9144894021107977,3.597441704951461,-0.07786344401559707
0.15413612923839176,0.7251959290054487,0.4860992925651164,0.9976812527655172,0.5210411140082452,0.8416994115813644,0.7896815181911504,0.15688225758271446,0.6999377674748088,0.614734869476715,0.5300451537696704,0.7184599948001928,0.6314829882276614,0.2907632186474234,1.0474737434516443,0.027165265853858853,0.503891363175327,0.32244948677399077,0.0651016970256257,0.6501178357607301,0.53443936500416,0.3453742752209544,0.07492727431594662,0.7684120803199114,0.8145604507235866,0.524607205928437,0.45681579909982956,0.15901844533328738,0.49320639000166633,0.5556756785941588,3.05321765899015,-0.03460928328263714
0.732443571205664,0.4393880277141139,0.8953502966381158,0.24561100777913603,0.09853468260640075,0.21804478498697244,0.2995057078537553,-0.012331507858226884,0.1855392306624949,0.5363292033346753,0.1892760723881977,0.7420155596838245,0.9735492943450456,0.1965510674558411,0.4350545016740874,0.649780988809708,0.8084033937876393,0.6497383510737407,0.5320490821416277,0.8983045041224871,1.0743807906019578,0.2854064253856804,0.1306968007328987,0.6623676623674862,0.0679232652040053,0.41846547137424894,0.8093343004645474,0.2662955952086241,0.3301326677407952,0.8868083116183798,3.564320764514714,-0.1204589009746402
0.5489596665450682,0.15377500919156045,0.6290826640899205,0.5304240657283,0.8897321150079118,0.8509897090917562,0.5776776776707255,1.011116942812233,0.2749641007924966,0.4762389262636313,0.5544810884307401,-0.10967730299388835,0.8067056059113443,0.08243956189557801,0.3948358178502286,0.7890079268420296,0.7458349245956665,0.7488563718436174,0.9988877721712368,0.8688618778606166,0.40438946417770305,0.5690877026547376,0.1840028126850518,1.1982379134467536e-06,-0.029698552005277077,0.44056437502562884,0.06439669514419558,-0.16847769391686704,0.6394694588998355,0.39585997516484844,3.762276320970748,-0.02779975163757202
0.8182184550403104,0.770490022967757,0.8446005907668532,0.863480737217205,0.6335765214533131,0.7707005114807616,0.07296165062954668,0.6018726936496368,0.700800074414092,0.33043095807753053,0.8873149831961611,0.5649207842387236,0.5685947513570913,0.2829554795591828,0.5396343061448098,0.7089332285592556,0.27636300307031386,0.2438010954677221,0.5018785084844439,0.31432064701543044,0.5665041235381721,1.069759672793171,0.4528047795479638,0.9185844522828908,0.8445258785547295,0.3640581314217476,0.7112163166176143,0.7230543510857566,0.4297989083176056,0.520221394292665,2.5051985032394235,0.5949244208346017
0.6388992940749328,0.2521053032107741,0.1562932177938088,-0.004708787163378497,-0.029176657511059495,0.15939909749662068,0.1860177769400871,0.6464640319414844,0.1911013151297696,0.1901520740809716,0.8526080069895815,0.839792013654007,0.07798581368666577,0.7919693542335501,0.882186721583175,0.6676313459388934,0.32418320576156173,1.0469772988636428,0.8241000869595912,0.8759640400402204,0.6983550184326655,0.6278823769324139,0.5276815050592079,0.9930333860885772,-0.015943591005089658,0.6703325590412333,-0.031804168040623776,0.2850467004515973,0.49174676772232134,0.6844416441739329,3.8921458279563907,-0.14231254449629038
0.10829916490472836,0.24359786494162866,1.0224954533286414,0.5178379617302306,0.7529247185071756,0.5177483276873022,0.6143966669145045,0.723592109531467,0.6028252625968665,0.45425726649896825,0.8183242957250868,0.7787651365704544,0.5920321611801508,0.5002843285781237,0.6570350151202222,1.0325884669208318,0.30811483949112384,1.0041364084553157,0.6016450689104633,0.9345770509311283,0.7487911997332426,1.0400302299009234,0.8546864091788531,0.35302058592270436,0.6259680340297631,0.6260530062621232,0.477339861016708,0.29828524386682975,0.10975637471975877,0.12427635666951319,3.085442511367032,0.05508919955235243
0.2121801752036617,0.2496925778130527,0.22276504064893823,0.2856877032139327,0.5507160484503242,0.26575800981267517,1.0706767461678375,0.13812405612947407,0.6257134923520983,0.23549760878762843,0.2203213023528513,0.8051710452726217,0.8611385828181973,0.08078283819852483,0.20384072457025426,0.8259655342312577,0.5890353101151381,0.8033305198299254,0.38937957522160255,0.774492999614755,0.858828454704677,0.45271266479977434,0.8004363894553062,0.7435909960506317,0.21343576692978866,0.8523632601760639,0.19840605864355584,1.0990576638393292,0.05360626076730813,0.7021670543552598,3.3960938637914055,0.05524835151803124
0.42001665595687077,-0.05491082174152339,0.633955732720368,0.8527850032992514,0.5924614416230876,0.352944125285708,0.7625094892498481,0.7610837374283536,0.7056700859249958,0.7033523509818661,0.1577800364895157,0.7780182140530226,0.22020168622766725,0.6494350758356835,0.6150198651409738,0.8448462791416333,0.59860014101298,0.05729324017850143,0.7587238108370131,0.67223732095604,0.9830553526286838,0.15037049627089832,0.7008299140308012,0.31774741855616273,0.15433890547242438,0.6310822389980416,0.5188785512885145,0.4109542411602708,0.9115407020639288,0.20224827493949848,2.943661926035925,0.0065822340656838604
0.09731705146852115,0.23628221612270678,0.5598182657848003,0.49850818905636224,0.10994497482062154,0.5884058969622542,-0.03230620459772307,0.2464575302772048,1.0979726834320764,0.6756573236212358,0.8513631861637753,0.4084470308888391,0.8269657132135948,1.0080662636923157,0.13960357693695102,0.5243285700472174,0.9400304662800307,0.7186104758353283,0.8714478162734772,0.9848482262028555,0.10856967026454425,0.9938671859232587,-0.015312439792946851,0.5970764606447743,0.16339229277244835,0.7303526189058728,0.9701850191309531,0.9405626893696546,0.049009200522001285,0.26106641512577977,3.987598365344409,0.15490039604999248
0.5329434925597828,0.0011340433421378956,0.7104482916704695,0.1923298455911562,0.540571229402784,0.80795756572593,0.7407666168805018,0.9271590851490286,0.8383714929829109,0.14911264147841535,0.230725557617406,0.34326791274863094,-0.007532164208539138,-0.11377465385971852,0.22404183141403783,0.9109489283389699,0.5554049846544299,-0.23082103609157517,1.0618304840661283,0.5301387808586192,0.5161552969539275,0.7740251201022091,0.4994620822793332,0.5636785900173535,0.23783146431580643,0.1322992905073842,0.8366395205506906,0.8183699260031981,0.8860160305980431,0.7285703962390933,3.850697193908679,-0.04993241904930605
0.6544131134747674,0.5695476411419769,0.7324444730881187,0.3688296330402336,0.7038452184869604,0.32204328544532634,0.45868155932025984,0.03047166572315186,0.08941631564225586,0.5380770905852973,1.0249864393803843,1.0172438109745183,0.47125637053885827,0.8140613076277861,0.12068890420376445,0.4493758003597865,0.38588921540498894,0.5983959486400378,0.31983387219666526,0.48752650807080167,0.15417871912985176,0.35908473126827944,0.26857380314249435,0.7206583345706437,0.6752242215595812,0.37814134829004276,0.2760004573415288,0.4235675399576172,0.36566340072041575,0.3650972664900718,3.025991922512914,0.05028701131530667
0.17721020480562288,0.32323978240641615,0.5203716550603213,0.06546321374007338,0.07240732497398575,0.2174784968616143,0.6812118216912635,0.2506842637244663,0.6819027786406402,0.40304918434206694,0.2709974100161355,0.8380218123652475,-0.039344298332313885,1.0367877057225,0.5383901209744368,0.531089489280036,0.3711376903497624,0.16586142295058637,0.5466449906039861,0.6127486148314758,0.7550600520734106,0.6431633239464556,0.6072186856449667,0.09210878795336978,0.8379307398568874,0.7618614274825752,0.7074872315343029,0.782557092364587,0.4050875670651441,0.14963563794691453,3.2675023867987005,-0.1709560061040788
0.8519324450807981,0.10388160739953375,0.9523148782440471,0.6097523892544544,0.008927275768637541,0.5418036072632106,0.4767733210198987,0.4909635208433305,0.060803048571506424,0.7537944579602402,0.9637915808029853,0.4917609068027058,-0.17579297590893253,1.043813337158671,0.6291512898945328,0.0043920324585985104,0.8578632446673395,0.9230274941255416,-0.06737403632201966,0.3403134269969692,0.3479392155484524,0.6032605433647965,0.7763158785603773,0.22445122729021158,0.18910052336048214,0.49337166453564907,0.5500647782872867,0.44612241555156673,0.7183484690133913,0.7049429029638288,3.4829880168595504,-0.06891478939033505
0.04589288289067118,0.5563356842266672,0.6432074288149592,0.28781673779050104,0.7862187285601289,0.04945611369074969,0.33884567545363187,-0.16536366741206074,0.11728304639745743,0.7057759507157525,0.6478170978464477,0.6520217078606424,0.3075933012332031,0.6678551578140793,0.13395295443876604,0.2974680602648042,0.6705243658160666,0.7248193206179191,0.6280368712160609,0.46459244628775875,0.9800836700988604,0.8861701725263547,-0.11587691827159716,0.41797131145294314,0.1464603505006513,0.13332309824791055,0.21711263832485328,0.43181396694351154,0.2709337721927906,0.35481804889255153,2.929047787728241,0.13247872060100432
0.819832783800912,0.39967108330119905,0.4169591006234374,0.6461349564480081,0.20200668550146528,0.48978026819286397,0.5847335843834685,0.3589985393292819,0.6066586733141153,0.4932882402891691,0.7208038088237991,-0.017644713338759305,0.2199971317686064,0.6124282321468132,0.3085772093104211,-0.02530086663970743,0.7750755042244335,0.15365320515579245,0.6929396774268815,0.36981096419249504,0.5340068560921167,0.06482129120140011,0.4312044967490363,0.8808242108529379,0.4164614728853977,0.03490554717451056,0.2745214282155354,0.21390030767699664,0.5836509329434569,0.611930690132695,2.790990569804488,0.022243238887535263
0.3571272193680288,0.673260905547438,0.4844751464008278,0.30456959676541767,1.0648320192831648,0.6821605317914945,0.8608486827560189,0.8063446931073841,0.11935962285550457,0.38651590775336897,0.3522524387664988,0.5442512664304668,0.09325300037791696,0.9211984532266886,0.09143415829274731,0.29104515513606904,0.32372430202317437,0.14994302666852158,0.5012438397989739,0.5499528546497949,0.10987271380433562,0.06948797889483727,0.1921965553228944,0.4746459019187893,0.7870804325827016,0.7667006655457668,0.1407575780733195,0.388293754457599,0.7246866343921848,0.41854446149835706,3.2883290450207743,-0.01643758086502232
0.025203132970913242,0.501806816691811,0.39279019334490906,0.2660526366926305,0.6512252823600597,0.293093811413336,0.6371833280972135,0.38279608176199204,0.3308123458429166,0.2575241066858036,1.084015671195107,0.34262673506776825,0.16129895933106017,0.4013018234080555,0.19097674279830237,0.8791940811101463,0.8082314740813151,0.20950769662967358,0.6338334037077917,0.08598886227310985,0.13314141770530735,0.06419144525306783,0.5371142751582346,0.5910022731339236,1.172961562736608,0.06965166658751525,0.5078117237542528,0.7311035614391835,0.2821597077286737,1.1321406622890589,3.0739885950434633,0.18330323160707865
0.751758145262676,0.6934911801654423,0.05232477346394036,0.27016552926570586,0.7748111152810967,0.6542508358466523,0.18903631156698245,0.8886735060871697,0.4175508462059317,0.6550354551276613,1.0752514802926068,0.6877522125647928,0.14176899868658474,0.8778615943882034,0.2958280704455293,0.952414955114081,0.06174632674250635,0.21511620142249827,0.20552935974340544,0.6026932309852089,0.8245597098060398,0.7424158674878977,0.6749354589125964,1.1274560346253581,0.43107488624948087,0.523606599098229,0.49701007305632494,-0.014054162814879388,0.6035515822702543,0.658915104455063,3.4348102117292396,-0.17066097765729335
0.2538240803241554,0.695897736428027,0.2679479115430956,0.9341680237647935,0.7981771720191541,1.031143968768192,0.6402148131912775,0.6642473482199525,0.4492917220354939,0.29997092100729045,0.5291491131703112,0.8018150430904951,0.39720458116363827,0.09963536915149843,0.7189636357430537,0.950362930465008,0.11840920762393183,0.3223491308960704,0.8527993831843728,0.09289175572699779,0.16565783041962756,0.5070931995514432,0.6190823514039977,0.6827094205059331,0.5377900139048406,0.816408621226347,0.16582177792268213,0.7907283345249106,0.3545711295992949,0.519390676805368,3.159452651057052,0.034944518120092534
0.9905291191021834,0.4230294543995802,0.14879922342303384,0.5902370796332326,0.3075948346339914,0.38693131601540515,0.6584622993516474,0.5602378757573008,0.5462226562470979,0.19409493428191862,0.1501540424537183,0.2680831528806864,0.08468235313705114,0.7660284812556211,0.9004294605130833,0.37070648781474996,0.4751047472862288,0.5621662080972288,0.7857698987793604,-0.08756755550047578,0.9400522523137135,0.7164358867372657,0.696926311316491,0.3911154143177589,0.058417709246704454,0.8346621295244122,0.9323287792773222,0.8390698948252743,-0.1404530455986278,0.4821240089864377,3.474173694087907,0.10324260313326464
0.8758392593841342,0.56718253265591,0.8880901410550457,0.3531368260645067,-0.08423832365803033,0.8416233147502868,0.8867767840849646,0.4562594709588165,0.6231590974766279,0.0931968591692411,0.6307938425248403,0.38316030131026263,0.16920527199103075,0.8399825371387841,0.1282598237139675,0.19779149596449147,-0.0873607752765437,0.9323647393127925,0.2108483524763307,0.27186253773089136,0.3448617577400707,0.2579619557268989,0.18778630260378368,0.42218607704119615,1.0814359136213307,1.0709942102120866,0.521499236243794,-0.011556451296003759,0.7003217104340591,0.9748070772494273,2.5352734882398975,3.518474531301593
-0.21468013335126865,-0.05286108943897808,0.521868166741819,0.6166820263534716,0.20688958261845133,0.4791365861124846,0.7179014394877354,0.4586920417615937,0.6667433221599051,0.6036747627066966,0.15215764880356436,0.31653020711297375,0.31436319781789945,0.5925888969815353,0.52827169801345,0.5839403136391285,0.6888790292747105,0.7167832423359561,0.3521198876282655,0.08699826807802469,0.5718322847974726,0.7565998496403193,0.0774687901757734,0.794781527306769,0.46717405411899826,0.15946808857383354,0.014866850194566406,1.0657136401894385,0.6627849244932796,-0.033207735714099365,3.176350369782321,0.16697525531610785
0.8253081530718094,0.8176644302129594,0.10081482699182365,0.1952343034245735,0.35675682059141245,0.3245871897813292,0.9913882907500173,0.3274577051407698,0.9479032314349377,0.5341723748372096,0.6182838044201727,0.44826572907862533,0.49971098205520137,0.11525113534935244,0.8064328548999208,-0.08620792467129151,0.7524282298103353,0.6793696495638962,0.3285087639608904,0.5127404569222758,0.6984363859464617,0.8033994668019571,0.848258468646476,0.615716761287398,0.7462523112717272,0.7000660171914309,0.5859412842424947,0.6046149669427746,0.5636963933480573,0.44475178394314385,3.053214376256011,0.05908069502274385
1.065107689038376,0.44473951155506247,0.8414665826915728,0.8399227755933759,0.8560179227993046,0.25687042016208783,0.21458422326809246,0.8981818971817689,-0.05670745375527403,0.6512934219881722,0.838991006614352,0.8541657629607432,0.0739563092186349,-0.08950834056599379,1.023863850036254,0.029049064079529473,1.0690639867501341,0.3983044683334244,0.21506117856501528,0.454154584494629,0.2082618325420889,0.7243132835630524,0.08436968169370278,0.6644537825922961,0.650982180849992,0.2271686591802794,0.7776076365492386,0.17552884280541525,0.5809424792434628,-0.06800893734699283,3.8560419714646317,0.5224492192839205
0.7296797032282267,0.26316332179343743,0.9818197276899367,0.30000953251244594,0.23466036519318687,0.017145526916227057,0.29261276777125467,0.22879605130850678,0.7031062074550274,0.8553927869459741,0.741968232374526,0.749234896977716,0.2686952702463854,0.4031021799181424,0.60072172419059,0.43714705317194397,0.5484046074901394,-0.004774636727167162,0.5327552841258969,0.23747798118009247,0.8361941074635251,0.5542204326671604,0.5546936565926741,0.49597658678723416,0.31149102519268146,0.7257844046869004,0.9843772117861571,0.09430336395134405,0.7716615578843959,0.5907889375715331,2.969579353798773,-0.12676886253516373
1.060143561139112,0.3765975765145894,0.9076193282762701,0.6510713079486469,0.45857819770138225,0.572366156766744,0.1252301550848155,0.6615939714606132,0.19591606268660566,0.9893215131187868,-0.07562527617540579,0.9948290895965127,0.47826718510480143,0.6432120936302586,0.8153136131981202,0.12674729734191936,0.9421685576403658,0.6768631450572559,0.2679864232878111,0.9211809508330798,0.3828549306693056,0.8093648077315565,0.8724085411840148,0.4124068809472135,0.3080298516392876,0.6648922714979375,0.94483412473382,0.21442689723036723,0.6585806226815761,0.5961607110410556,3.4158286225555883,0.03159370951908039
0.2927598602892731,0.43177971789460495,0.812854516819384,0.5596880889881709,0.4038127978951437,0.9207650985952497,0.3352597880244231,0.8099842253432051,0.02561064233110888,0.39682371850959586,0.42468245731055926,0.10715111915459698,0.8889846272967262,0.7622481406017169,0.24122921410321196,0.1851498639663999,0.21691546090986033,0.4967793493129897,0.9988894461376098,0.0017585923794249392,0.8554297609223391,0.1985272114777839,0.21777441889689636,0.38877340983404207,1.1271300635957489,0.9359725291689254,0.996851395276886,0.7090264192157608,0.13305275412869055,0.7509150857269827,3.604865229600122,-0.032522249536408525
0.345629440555141,1.0234127482793565,0.010421843518166884,0.69218909165475,0.862998330516317,0.12020054643999462,0.5221392804100674,0.5247727015145868,0.753600788036144,0.4238150261812776,0.053394960969112296,0.5672209738985152,0.11325629508596258,0.47421202229671927,0.6721604093343692,0.4461699862380596,0.9279942288578419,0.7152155975538956,0.6247463167426618,0.8860281014378529,-0.03129505990817551,0.63370046012889,0.3041418716242031,0.1572733360676171,0.6622134853633244,0.8633626312560032,0.13227380585818152,0.26890011829842164,0.7112765848664875,0.14997864372717518,3.54714977761646,0.016317106109610128
0.24155611886255618,0.423270259342022,-0.16144974830879782,0.6445127031492681,0.9244447535602908,0.5243654345913533,0.29104765922570497,0.7406361934382002,0.15587561461560528,0.3888977043436471,0.5076944473911891,0.19231722416163882,0.5272185889208841,0.11043639458464319,-0.14507192239274583,0.5166173944423732,0.24108059042411312,0.10181204527520436,1.0079522455903713,0.8328722863400515,0.12535262869159086,0.8053239371687128,0.731924049888275,0.4435527625881233,0.916352063100855,0.7870119584048135,0.2515846970329134,0.28968477567415074,-0.06520767079873671,0.7783674826361262,3.7085747802364937,0.017646707808763432
0.827094374942354,0.3467059263073757,0.03942155008691857,0.5020181923269835,0.3390264512700728,0.6947533998854831,0.6517969925758974,0.7692746056278372,0.35973317487677736,0.6753917104432042,0.09314202440394521,0.17271151897352793,0.04228911279434668,0.49128339493479883,0.6824769775286351,0.8242390576112172,0.8458123760952119,0.9320411728162701,0.42028173130972885,0.9051618185042921,0.8682308414065028,0.7622865106721647,0.826074152133013,0.906520349124821,0.9299392510587364,0.9024766944094167,0.683829968382563,0.09168398968071707,0.2884174875833546,0.24729704856652912,3.3905908129805677,0.13232322971330135
0.6804309892589308,0.6329595793076352,0.9476126742153926,0.8866728489822773,0.31870239501668274,0.4589046232757544,0.2401769928318292,0.6631436264751238,0.3778251505735235,0.08254370099301109,0.6440990063043802,0.9327020452997865,0.8768268583725077,0.5523614465557084,0.47022096121071655,0.636612905283809,0.19860972638774427,0.28987502828409056,0.09069110445458017,0.9390706471526366,0.3561720605035898,0.3451789549722724,0.5347246625276211,0.011278019448416637,0.10340684180858957,0.6950301139656608,0.5642646863897277,0.14253963507925616,0.4486949893646544,-0.03205946187136362,3.082592342216227,0.29804600080031496
0.41366277036042737,0.44803677735641734,1.01142591258,0.8278883199247993,1.1700777283555694,0.6546660469310747,0.4867911348409994,0.1389491462450642,0.23876703510440597,0.8881348317331326,0.28692105523400196,0.7877693725305307,0.724686403479706,0.10286980748516153,0.44829456399908163,0.49858291021099804,0.850639764573377,0.3933823749493136,0.7965611219178352,0.5729230510756734,0.3497741465269512,0.49058891400487875,0.22506909317226625,0.8241005467425893,0.007413692389959592,-0.10769982313452553,0.4996779841807361,0.6950146969384609,0.4090661035340786,0.16268862600973516,3.7472916297505177,-0.12962037491637907
0.7640061353715081,0.8345031925558536,0.5163815927548161,0.8061551990429852,0.4565516400984714,0.6867056367750264,0.07499672745019492,0.4716368899580084,0.12656068005450596,0.3943240690747614,1.0784431526288127,0.3914863458032267,0.5888955621117815,0.1252023975336023,0.3624916157121913,0.7282443862189383,0.07704443071715729,-0.051369782117391155,0.4942999597400636,0.6771236939912872,0.398009553536474,0.29900311487706893,0.2938813765857101,0.32903056561095934,0.3111888100387837,0.550352034559291,0.8102827058641212,0.9516631430061449,0.9187901654928831,0.6692429082726064,3.321970670530654,-0.02761379475569896
0.876492691806758,0.6231812664306643,0.542751433406902,0.6965804865284125,0.46699999640636336,0.576993625702982,0.6144317494049613,0.39148054237253,0.914522515167882,0.4847273021345735,1.0067413742813733,0.5028438358616517,1.0423060783637572,0.7216746213784554,0.38062499535732014,0.5428593709391043,0.7928672635629552,0.48648171456947537,0.9366184925439647,0.7993778929522538,0.716549331434631,1.075367553538142,0.22214338573815576,0.2903641303512908,1.025915416469147,0.9986358642863367,-0.0014892527268532407,0.17005829691543795,0.09788702937799693,0.0015358305032480979,3.9411762455120516,0.2653136879598508
0.04784095254114244,0.3837934516467359,1.0056666318838876,0.5268112321965953,0.4099761931664723,0.8396199794850585,0.48252452657496353,0.21561959564307898,0.5478489392110927,0.5695541084367248,0.4753824611493789,0.6709753635469318,0.6259100928439041,0.22512646591385244,0.2402315443532917,0.4789058185537092,0.6558679164653795,0.6428352652081544,0.6186063824325884,0.7652633302074168,0.08803188381021554,0.7806505324198484,0.5055653039539424,0.5086657821353956,0.949160154109609,0.5537204015016152,0.456167549175263,0.5444357785033757,0.15463375066061583,0.08749650898760661,2.778913042666793,-0.030482638460655964
0.3056340179835491,0.7289141046858914,1.0823714872703232,0.804747558908947,0.03693263880890679,0.20239137530191256,0.630305661334533,0.5459210832308047,0.48317166065364475,0.3753628958020373,0.6683043938393076,0.5344790962041986,0.49208408931435804,0.40447588283818137,0.5467837456758505,0.31024966423713735,1.0425775881140404,0.2364660079554723,-0.04898585608052666,0.15223506804838088,0.6117166787894821,0.8775640590292787,0.6511223288024135,0.250468700077841,0.8200116047145833,0.22070443886304078,0.28996798283087516,0.8506728630580647,0.1214726279660862,0.5513097927366034,3.121930155767086,-0.12531535152730147
0.568150739309928,0.36606194341428516,0.18993780377846098,0.22251944751619868,0.3390959157962462,1.116819890135068,0.2487455058627656,0.38734802501273463,0.5114903288647153,0.19957015026085304,0.8015094054708554,0.351703374793557,0.989048844474478,1.2109802287636022,0.2203320056002862,0.7936220083902086,0.18836265999700547,0.5783665755999013,0.520591112241996,0.588639768779882,0.05022715675806558,-0.056447739184457675,0.6494560298881,0.21527726126539393,0.788757253688699,0.03114068818003278,0.3742824385338925,0.5493073865260337,0.26936226575817807,0.39784672921502207,3.7374374495207268,-0.10355047353382707
0.8471264544941677,0.8887215795113145,0.7108410966533886,0.06696041948643627,0.3090072549969773,0.7582556415400458,0.6605825919108826,0.6015430667237697,-0.08938404586040294,0.28396782324578645,0.8894052341170554,0.5510977582961876,0.9615528641629333,0.20635994189955886,0.07526077740451881,0.8726397629997208,0.8744560822338869,0.7669834606428633,0.8156293484382683,0.8391691868690554,0.9714220037717478,0.8101593407951789,0.327103536295402,0.6750804697286431,0.8164777562176975,0.5537596083572695,0.13205206273351566,0.35691463017196223,0.02145792263241275,0.43390530119349313,3.970336809718839,-0.08781941361761059
-0.09436055722407491,0.00022016783316657074,1.0411708486164968,-0.0008370617198768526,0.03844554193885337,0.7797711766621728,0.08833313176423463,-0.006775719555633997,-0.024699851028814335,0.2561480486699198,0.5786186842643253,0.16628553513183902,0.0018608591537703778,0.8940309481901133,0.27361414529193145,0.3216806386718325,0.581983063765228,0.2634233815380865,0.9620400582874848,0.4189107330314089,0.13639962852041088,0.634849061255323,0.2362698858234585,0.006577633546158895,0.6521820609373118,-0.10654022997463779,0.7106923405732088,0.9031152480512845,0.6819729663944905,0.5273328772087404,3.9293020095061624,0.06831254785276807
0.5521464041162484,0.28155397544226973,0.6072483318174691,0.37431462989835057,0.7302771824301743,0.46287806075534826,0.3146219495853559,0.3220772635595252,0.9086030646532246,0.053822044077254105,0.2043918833336414,0.16792687321259223,0.4526061021280948,1.0157232708709318,0.2620355274925611,0.6834273836491725,0.7314644591118908,0.14266534161446834,0.2634220976350543,0.259064762854271,0.6280075149373533,0.05557415570108941,0.27413603250835306,0.3379086731300692,0.18760070725087857,0.11611220028193346,0.39780422368865753,-0.17122727595833503,0.1639268846189587,0.6384118352339804,3.1849575100719147,0.07993067284875938
0.2624386199932356,0.620206617884682,1.0370404353627993,0.8881733424089109,0.2326598484260866,0.49508739104982824,0.3388541910316085,0.02832623784779563,0.2742429677798147,0.9525096101615647,0.09843057783925094,0.4496599270471283,0.6782252192436296,0.2701470605586132,0.20855203683784534,0.837715552281968,0.5115533589923956,0.7121686587875516,0.795959457875997,0.18594448164098076,0.1815994161309971,0.8467624301361996,0.02340115774344559,0.8490825951245722,0.8366115793917409,0.8657622403390876,0.7080299733177386,0.26153894274318595,0.5218958248409084,1.0250472807339683,3.2535675672920195,-0.007974108522918492
0.46460540299484754,0.2301080603443059,0.24632617609953805,0.7796025755592871,0.7781310632475266,0.9978569491611573,0.8221796032130132,0.03670729778594249,0.09981663951625339,0.24616630754199667,0.37712930065637396,0.33358632820371054,0.9403976060799193,0.9086384934922626,0.9528288248663825,0.32207667728260475,0.4604237165274372,0.6742355644967258,0.3544550894995379,0.8071265313787868,0.39040117443281935,0.5788950961526458,0.14092461204656437,0.7932289825204342,0.824521685057476,0.7332651915830197,0.6261691516463028,0.7242166325146445,0.9087827910980096,0.502003527513861,3.4613429872640493,0.08234343876338683
0.7866943041079997,0.3093614028043399,0.9340803649891556,0.7504548263880445,0.17611006044978808,0.8957753236819134,0.3378548518001933,0.7352594447977966,0.45514632426118606,0.32547294879844674,0.4414424117993177,0.19259110123221082,0.12297886265049499,1.0490187826921824,0.14409053292685142,0.719422332968657,0.9983893692664112,0.5165221458116458,0.5045083221233354,0.6879733485098677,0.2325298043363448,0.6610181341039627,0.4212758113410215,-0.08921755456936585,0.1082676569593648,0.471686205949898,-0.13736119415253273,0.8872428363820873,0.2760434982027421,0.5736831816975125,3.6996821146559835,0.14537824469147295
0.895175114036631,0.6052064302254611,0.5339498563850978,0.3356440768995796,0.518231830000829,0.336163178819022,0.5625780093294211,1.000920952328681,0.5429184389282522,0.42158399116347267,0.06383788472028096,0.5404471971339482,-0.02674331175534779,0.2115982194472265,0.3406805330582377,0.6824152086133278,0.8633648390184574,0.4035421386272964,0.3701611072071828,-0.055614309263720886,0.39671890375677876,-0.06773392387801996,0.5648693598954823,0.4866913613553516,0.1624673748382948,0.87639815894993,0.9607070173668865,1.0353034660639735,0.104261382316495,0.49686679232826203,3.1595457273073433,0.08021185200610251
0.6700482331415953,0.505993468265395,0.9446450134082928,0.21559200341517643,0.943012615970395,0.4640407576850253,0.17489005735713425,0.7961725093230103,0.1271019188478997,0.12281553621770896,1.049279447144215,0.5624880365755589,0.9301539083219197,0.9161443734605768,0.7217222009080729,0.9738660665670169,0.5464783030934832,0.9116238299352502,0.25732899303271045,0.8312743721721466,0.06783834790523274,0.329366657238358,0.8251396571364037,0.3036357279274085,0.2800117800481507,0.44622216988114316,0.177981871339524,0.683032200920021,0.07984252588096986,0.5557064790007893,3.68834035878481,0.11509027259418401
0.6761135362249064,0.8895197530623932,0.5107932591124444,0.5483971769712096,0.12095381429149189,0.09093909985131993,0.054323264459040024,0.05869752488859173,0.777604389041795,0.8143356490333837,1.0053086961337705,0.7693548802054697,0.5476419511001233,0.3348096105535906,0.6667232217490066,0.4378652678459019,0.2120150988288374,0.6657025048481403,0.7572459370024835,0.9171457664457893,0.5610753822840345,0.6888116663963852,0.5623682689392246,0.08258252039998955,0.7875046667044361,0.37256274000034917,0.15472376853410708,0.4417853006233389,0.3549801421907446,0.055877304539172,3.4721596178432153,-0.0857621111147553
0.06168311960894701,0.1919160658256798,0.506264774376196,0.7567331401554127,0.06811224067937541,0.26016892643942147,1.0578748878849848,0.34378912591870936,0.4964625264052222,0.7968162084878274,0.8202587708667783,0.00865514206992439,0.14613820843586284,0.05419816038879067,-0.01877914308499396,0.8261342534600631,0.8181052000391335,0.5523148577567942,0.786207846576543,0.6270905494556983,0.12521330790986054,1.047253196098336,0.31648002197201414,0.7090771303654451,0.17177607100813302,0.562794882386074,0.638606274760634,0.37528603907219804,0.25477419586881267,0.053665148890156125,3.5093641083803924,0.04672377398278005
0.5565512751801158,0.5103850337654081,0.08552476606483897,0.5143402990516343,0.30718701939642606,0.753153644750608,0.5694743656476118,0.8755270632254992,0.6042763598673554,0.5287479696315195,0.3534789035889533,0.061193727525116315,0.5192872196164178,-0.10306231436823915,0.8203240917566409,0.6092404187334101,0.24740718238354759,0.33905522889186446,0.29811434164214456,1.0963742563339114,0.18848309929609858,0.30863417719956754,0.2568516640757392,0.6522874101266315,0.6731753476139529,0.1091377604801295,0.6279003475304572,0.45872083000999153,0.8524216112653542,0.7300195668437783,2.986958992222765,-0.022147277478279295
0.20322132335005427,0.5251850484989973,0.7874519414677862,1.119119961894387,0.18745801266685325,0.10803177453011303,0.3539323594663011,0.203247695302491,0.23157003370562174,0.8073581494960812,0.9790841657073002,0.4983257969424194,0.9376644185619155,0.5264302795433732,1.0732923508506658,0.31634299240574076,0.8135673073012124,-0.10895345137509556,1.0239067946488072,0.3744988282577091,0.2277076288832894,0.11901288077159283,0.18565366551079188,0.8912743664522483,-0.026308555334729117,0.44001232804574547,0.5686253475132177,0.7992010641405854,0.9369409762237997,0.9590526891349576,3.6791712749464756,-0.15844704398293877
0.09819400466381846,0.2053970258627792,0.10825482289504072,0.46872681302048047,0.07063077283887077,-0.004456783751026601,0.5679459469804511,0.2524930432103124,0.6362645165112064,0.31449173439419,0.19822479736741333,0.40526722382446995,0.5336807074044779,0.185379058054247,-0.13905091806193576,-0.06160148915583266,0.14282774763598033,0.11059834601744915,0.2973356289197374,0.22121839019893402,0.4976140834614415,0.13771915354066624,0.3456394190604138,0.6804313978907328,0.8259375318473938,0.8965914634910019,0.5072587993039102,0.3397962687294817,0.479813136973861,0.7164521531526389,3.305847552849359,-0.0678350621866795
0.18877764519574047,0.46969359930340443,0.7150106369620024,0.9326643026622314,-0.007675102935258721,0.7502894341608051,0.6716716877923781,0.8935099505401979,0.1074021046879358,0.3714296066849155,1.2177844051342923,0.2124523259244386,0.27987601349557717,-0.03983544353237568,0.3572672298858389,0.8898055941972651,0.30453008567601775,0.2967675779805756,0.6458260417307169,0.13471164922008172,0.24430584542783146,0.3788609270498384,0.8888843300743883,0.18736451049883107,0.7422084893914308,0.43681120270725293,0.6825952253426116,0.5328212284003231,0.30544022011555416,1.087878455937315,3.800006468427858,0.020220484299040227
0.06204375839990095,0.8006363582775858,0.2614890535520956,0.7007443611077272,0.5230241182598774,0.34890921316474766,-0.03507382062590404,0.20349339978872114,0.3692530850641105,0.9518704096957717,0.32751453307298983,-0.05924231773751032,0.4584631081039134,0.9385825969534001,0.9319716037802294,0.045361933092036955,0.563597621687985,0.9348726577861894,0.1876703202291869,0.08828551460796616,-0.062488617169380964,0.7538020828059114,0.12584909617054255,-0.00319349793769666,0.7514691762417725,0.7670397778207757,0.7699173189956392,0.9190608563765403,0.23759742212911705,0.45478774702002156,3.9628281752256087,-0.16764414296226315
0.9902997437922884,0.5730858357206983,0.8678163754637875,0.6778820704537636,0.28755537706614054,0.3127127823562455,0.05063367986362716,0.2757223590367899,0.5542137581447037,0.2527564758145083,0.47460446027896175,0.19406899112351303,0.5436123161493439,0.8574409730393552,-0.16186877905520003,0.47147250115240047,0.0037285378229694327,0.1282564320892584,0.8427197676902269,0.16150743801226305,0.03240065986733848,0.8811159911338138,0.4247192693508436,0.897729070255717,1.0257247463261596,0.003108783679478231,0.8021678379945875,-0.07682576113356243,0.45270653791815885,0.7181102588679077,3.4480847760801034,-0.17304147471105655
0.35130414089568096,0.41727613907956795,0.5038744156651055,0.2714044691159448,0.45460245781368736,0.9401741980863505,0.9049155949151044,0.16574477115761072,0.7585614095705249,1.0208607040841673,0.7300056318613216,0.12936384888088812,0.5359246573668606,0.971251824553044,0.5544609800580091,0.25596263197482344,0.0642072593508333,0.4522018161675183,0.13370588626925553,0.7490062075458256,0.8622913796580628,0.3487711615091208,0.4404958944634545,0.7956464574976972,0.1694566129119459,0.9321342761806717,1.0908998852463698,0.45190866576117544,0.10993569192739842,0.7200431851184226,3.663778458866425,-0.15020642821338034
0.40142911653253677,0.156451697577396,0.6026504582238401,-0.013228754026392918,0.94184817266175,0.32969294939731697,0.024488688790889918,0.7408185621896423,0.48472339389213226,0.015084073919532287,0.5387361840065066,0.3377487938602281,0.28391907435942293,0.785012174347722,1.0582676285891346,0.6876480281316062,0.012151577135418978,0.4533211188523087,0.3582220495043382,0.7839055864154623,0.7457604505426899,0.2876960343689403,0.641442206122608,0.6754936948924042,0.48993978459549237,0.8602824709785305,0.33234361484209063,0.9436132866762411,0.25333390133995826,0.6975714029398145,3.1881818223000438,0.05100719063606901
0.35028365558163366,-0.16207438901953974,0.7523366540469089,1.0677250567292185,0.8522605487641532,0.7375947001078599,0.4240733716193157,1.0717521683076738,0.17239810679240058,-0.04399369420700594,0.2901457458993902,0.352209149422986,0.86036397940889,0.4837933312598692,0.517683843212667,0.34584634609684184,0.6703041867842241,0.33099245364684676,0.8097681533639728,0.4201294349876028,0.1261436944683057,1.069898115528037,0.9608287293483632,0.18485844777677332,0.0028344833641066047,0.6837783951431268,0.14087755773435554,1.09253470398846,0.4304855848265021,0.38615449659839707,3.287716930592118,-0.09191230898434853
0.7881737022242313,0.3745297995213615,0.03128462365737575,0.8353705324103499,1.0423784210652265,-0.07166431365645691,0.6549913982559955,0.74436987122078,0.07850116620713314,0.39765043158549374,0.5041083832740954,0.9393981429600871,0.18706333193829827,0.38234768175056205,0.4496107738174481,0.5311255910199172,0.34054011719615435,0.36220636646461746,0.3342856544501117,1.1423176250282152,0.15678489478053473,0.44451495011929376,0.2743605531562341,0.5841488183471786,0.2035656936802655,0.2815082457903876,0.2767539815227096,0.24729787683527393,0.7442902661526564,0.13214712511402255,3.485778572899712,0.1337036515209788
0.5660367779336569,0.21066602870581475,0.5535819877235728,1.0853058576348396,0.40582544008531357,0.6460247712982639,0.06476234770178621,1.1633791709538632,0.6599140630516263,0.5494548376173776,0.23804110931406203,0.7909753881844587,0.3601473405709649,0.5801531112163023,0.9082207682859371,1.2264765599277616,0.8939699542723785,0.7152457048753907,0.1192150831785192,0.7511261729038681,0.5882614137358821,0.45343976530813157,0.3765848390120233,0.4951879522522023,0.15569126889713636,0.13665584842636158,0.2040038716880378,0.12466617971461713,0.3838607701363258,0.8364211759963465,3.1290924580452457,-0.10565509908043642
0.7734324976505738,0.8950576022191142,0.2892054677323718,0.43514596840583064,0.34148750101020525,0.18174058685130584,0.7543287041688946,0.8270376706343932,0.9739063848926235,-0.06380475705240196,1.1628491499049158,0.20244340677412856,0.7754853626770313,0.3342291482094733,0.3032512208660696,0.03492739129773921,-0.24351637934793127,0.7348783151372873,0.17967792705811012,1.0337176790282054,0.6169417840536353,0.7763984643113554,0.022752109466651113,1.131246033156959,0.23532851251964154,0.7851882258064984,-0.05974439402237829,0.3840316106485727,0.6733595930880178,0.3582359832243753,4.150741689149992,0.013976056981759237
0.6781637045210103,0.8551078922305916,0.06878320888334144,0.35929246368251205,0.518986910178817,0.46492147506024584,1.022811037994381,0.02042046700233212,0.21841795707717007,0.8159025717213669,0.7293064162668674,0.9932813468152362,0.4986060482252444,0.5369794656258173,0.16170783628803453,0.5032738449686902,0.25965668361694627,0.29109763205830075,0.14125441670082697,0.9314769156551336,0.6436749902289635,0.2599504973591932,0.4158377977772645,0.1324413509185044,0.23685734125344976,0.9935150480228125,-0.06784908875071696,0.8233013340791394,0.5216224791551265,0.08263364066222996,3.8346022878429564,-0.07696184129852045
0.755128500515016,0.4918640131011792,0.2754921295974521,0.49881880495399833,0.2079992957294034,0.11256507563535526,0.5171811673034334,0.8626144831525677,0.747773772870084,0.34253377069802227,-0.005318903671685596,0.030489921969506922,0.5842226041627373,0.45338766780481216,0.9996732768391188,0.4162848796968108,0.4850015388694645,0.6138379813287581,0.5314635785156403,0.944399746555874,0.5534673125203446,0.6853499218370709,0.9590620250670847,0.07111777722623563,-0.07942784029950055,0.8404194351587142,0.27361020058449087,0.30975362490956304,-0.039166624287877774,0.716602808991847,3.0344551830605453,-0.035857784781928394
0.2835075781020989,0.3265400849485865,0.5101045016317752,0.20605020365185436,0.10013584396381345,0.17616501219289615,0.3474646541720928,0.7058390994736568,0.7348252191405935,0.21165586710321568,0.734497376678431,0.12976207425266073,0.5311819867450331,0.4263456598893288,1.1646191798973882,0.6619071049380532,0.8578134324776917,0.9927884926245875,0.9589566103211884,0.937403514758126,1.157215300040377,0.5646022274738125,0.1816748149954611,0.7312155695873067,0.7661014453961024,0.8324730191113194,0.4350903572599234,0.2654482722582427,1.0961254299047352,0.19366539041593428,3.8438761535761046,0.1302506447934993
0.6312534738563942,0.6329364865201295,0.15648652083775655,0.11417265108564219,0.49615306925303965,0.6358855630435951,0.07220986705238158,0.20365425842597995,1.155527237266087,0.3344434405441207,0.33473095105889095,0.5180666985052479,0.07160604683055148,0.5593484519058786,0.8225825805410713,0.9032155004102692,0.8185473102390924,0.10347588266003305,0.8440345986611467,0.3382300284465906,0.7194827183408743,0.3424246637827437,0.2581136955451664,0.632208554981696,-0.08907968450778851,0.8822167452868988,0.6819306294985084,0.2408995022361173,0.5831514778460739,1.0057413300563425,4.013837626569459,0.1197789782759163
0.05811308086825197,0.8073408397313001,0.8324374868410072,0.4190112944951193,0.5085197403069245,0.004593942691558307,0.7824707356215947,0.7083661275102402,0.6894055620271446,0.39254888831133655,0.1551781957822078,0.7821947598955499,0.12064530807127312,1.0515307880045761,0.6053845559972599,0.5812678178087551,0.850506764717077,0.6235550102853538,0.46972353795397753,0.7591511997607897,0.4002651301978062,0.11236091284620094,0.09377468176091716,0.5609049846726994,0.1893794543588531,-0.13197939572452488,0.5456855852548321,0.7828247116354106,0.6065709472674419,0.71214272739947,3.0626551170835508,-0.12464841387215836
0.9705081388753612,0.4526286053233439,0.7078749109996223,1.0211410320237733,0.7025703302648448,0.5540597462137477,0.5419347455226914,-0.10911849465195765,0.2756588743299549,0.6284081312135595,0.47212524237626347,0.4337539200739126,0.6942291264248421,0.6040673709364422,0.6604957100185578,-0.11107985154896816,0.8133047586846954,0.2551245828175852,1.020089126628506,0.5559289324162282,0.311927605288014,0.7055599155291751,0.2762693580418757,0.7313748851231867,0.9335569901549581,1.194740655365486,0.46298033837642677,0.24940657405699648,0.41049852997294056,0.4660527732786097,2.667649999024673,1.2467617779522042
0.19791447413648666,0.920538111455385,0.9914575830743262,0.9184365989656282,0.4573155402275662,0.2705166196323743,0.5759406306121987,0.11044691197464204,1.005762289251618,0.6715367259678706,-0.01968475424068715,0.9828274746100418,0.44422895893707126,0.05980527020848934,0.2856863849985463,0.2766470712182865,1.046708389144822,0.8693754073871943,0.508917113792274,0.8379393531360491,0.7549220337555156,0.5660465072338201,0.31191338124765977,0.9614208879359852,0.8740446143077839,0.5190568397581097,0.4344909858702912,0.6480718016732075,0.8647918960442896,-0.025818888616028476,3.8446831305630056,0.04154553695714585
0.33129274341013376,0.07010171936930215,0.6089586091083552,0.7945210816485482,-0.04012748920757497,0.09958032634249124,0.2892025418018828,0.7524342930030401,0.06791855265047404,0.767037419055847,0.9190964073028769,0.787910039397721,-0.06558291093341728,0.3930981098312749,0.36390255067044,0.7205703324956816,0.31725837741707363,0.9575644983000777,0.047058623401870885,0.3393088804237615,1.1360541279949685,0.8164953082323906,0.559586849723373,0.5228105385124493,0.5355255626682254,0.5821242955294007,0.9408091313405653,0.44464736668169147,0.35183377928516857,0.02880006609210871,3.9882384085732463,-0.023817598884400184
0.018993234460966207,0.489134220461022,0.6896613404201316,0.8959537652009881,0.38005431916116267,0.8030306869885627,0.6938079455094338,0.6729896900250799,1.0654583116085907,0.6907024602996387,0.9435169397357763,0.8403902476444487,0.6662708991690164,0.011550750369890998,0.5885564736508317,0.20094383007735447,0.9244449055948164,0.550832203968594,0.7071663866349912,0.18728960652017676,0.5960505209633244,0.3892099395083048,0.6752231538095363,0.15596031348429523,0.38288606523854374,0.8814131884323992,0.8485135488669537,0.7188927329167277,0.14486684194510235,0.6041033189105166,3.3346635926776935,0.040386257685924826
0.6030075822377634,0.22782440860152423,0.2531570594780974,0.6768329565086205,1.0001796079900964,0.5296839896744148,0.44730113132322524,0.7397252799475431,0.3747253008028295,1.0083199032505248,0.7777724069703432,0.26777517522613253,0.09428111862261947,0.9124642424806194,0.934784260774892,0.23108585175231178,0.21448632917446167,0.5951860946714743,0.8264633671933717,0.04537207897507109,0.21034910167557014,0.26171013029233003,-0.12696741875232828,0.5375671602336117,0.3947597314288971,-0.1938167835826136,0.4976632452202281,0.34299910021132507,1.052479845884919,0.0938286022655878,3.610003800701099,0.04122180353863893
0.011341932698985382,0.16507841915284988,0.6142675908849047,0.501210850400972,0.6806826257091027,0.6487222497897234,0.41932474473575804,0.762731554220172,0.5590718805648395,0.3291896826288461,0.229150383841223,0.0979304263123042,0.5739415367702072,0.3181367587055923,0.7535333291159079,0.27854129792054805,0.8466387333943962,0.2992363088927248,0.224266241412196,0.1846491774650871,0.17654258237845594,0.7904082882979896,0.10867013503008915,0.1489971857228182,0.9269928598776421,0.7670608023296375,0.8220865801633321,0.7477751207886987,0.5018196311427168,0.48139519481621157,3.2012692265149196,0.09639126441156941
0.35054914339714927,0.8931603355255334,0.6467515212906415,0.5169153522578703,0.435181703490138,0.8320899498934735,0.8061732612777899,0.32305365849461587,0.43436590193834534,0.7056018164778752,0.12201042113135069,0.12810446427877745,0.9191491912346916,0.9057555484952206,0.5114718924499568,0.8914605357724138,0.05857644961140976,0.3171946202068967,0.48489466833104644,0.8649052035955942,0.7731326128637249,0.445755049964054,0.850930576908169,0.3067165320933453,0.0824143558218523,0.7772238141831953,0.5565081863785531,0.025115449538318485,0.4907346862230829,0.45799945620098603,3.082809139742534,0.1278118631831619
0.3513345185019318,0.7274247285717128,0.4330194271513085,1.000478740373755,0.17589981391074055,0.24428794711881618,0.08439021861210244,1.0885901012114567,0.09691244021057466,0.28481483276638875,0.5538796123643888,0.5959856788822344,0.31529129586940424,0.2431132536250339,0.2482445688983198,0.3202247151346457,0.32863484828780315,0.6078541751128576,0.2943067940248708,0.6675374556477794,0.20674180253937316,0.4396916555639188,0.06085679395466949,0.43998093249499864,0.850103451073308,0.06182086570233178,0.836892265275253,0.30025445783865234,0.6330084636176023,0.03269203241723771,3.2614859629104322,-0.046462140028431555
0.8073053241470668,1.0063154749061467,0.2913081139585445,0.4564226543513885,0.7458048130558218,0.0555300429710474,0.9651037443825525,0.7574711556208139,0.7047770664919928,0.7172316835355566,0.5849865690419852,0.827476774980627,0.8923109302080023,0.05378681374538076,0.10099207156903664,0.5435672402103585,-0.02287087300770374,0.13777428509788175,0.38725049329262956,0.8916496709718051,0.8705383523876078,-0.02617408980515879,0.7778055262764195,0.022703525787221283,0.05067433275271925,0.4305053452560078,0.1256140960204852,0.65858080009495,0.250001094681323,0.1396620146608968,4.302304346346231,0.08459248760257126
0.6727243681522165,0.4228913795826846,0.545906909862822,0.9578589125455302,1.0471312503860413,0.5171726629869393,0.7450889310138367,0.001703672452881444,0.451862355188822,0.4151898272315143,0.3080025010490413,0.11890679045134947,0.7603665646523787,0.1768210457255035,1.1114926117508732,0.006517304509807809,0.7323833969076533,0.31437461301017294,0.44720056567173505,0.4537040183556266,0.9339395238123238,0.6457554572138378,0.19459490873446422,0.7153641509684195,0.4007885165988918,0.7274187734664928,0.24728333745177472,0.9153402356273019,0.23656593874062404,0.17968745156967794,3.7700154718295726,0.03275660373852974
0.6002916515029249,0.5620437388987659,0.7493896758881475,0.7624005697775953,0.14896289245263022,0.4797761297184369,0.9722531351944476,0.21763818287039055,0.5348300068798623,0.7731851140987017,0.9162100220917263,0.5034614076851545,0.38367099564334484,0.425379594364127,0.27392846786323216,0.7993274282557395,0.27612948695382217,0.058596885220087644,0.48821518743032594,0.4282210961718082,0.35563425653198033,0.04960523621997154,0.32689383791155924,0.6732910590110268,0.8373377870399056,0.15415296164296197,0.6168055882222001,0.3166181558508066,0.8142507639451303,-0.1052615554083023,3.0647750907836584,-0.02260635037992505
0.442349412811733,0.4750870460938224,0.6958113648272386,0.36905575452317535,0.13819704758463078,0.22735557579455362,0.31834297083430524,0.41213916575425513,0.7995908207201226,0.535428898546878,0.46395290302382614,1.0739826901034966,0.5656396133004612,0.37046551306175035,0.21346784204808267,1.1150771125041132,0.520800356103075,0.21360043625491015,1.047501860598491,0.10379873408973503,0.19157656442333915,0.4583272668520185,1.0120733078799304,0.4868475092766688,0.457074362908721,0.6468937698260618,0.04639021776520749,0.22896852447569785,0.31422869015906507,0.4848960896911174,2.61252383110049,0.07907000094592793
0.8097565703584,0.8037999295487612,0.9697820177219907,1.0077234076568395,0.3640181153992994,0.6163340457088242,0.27874355200041073,0.9637857996532985,0.7842445617415502,-0.09149478350975779,0.5592531131840266,1.0028469731217413,-0.02066706733478043,0.6263454949809798,0.9501807513468693,0.3365592604118316,0.405385291651879,0.042832653609475024,0.8827675834636652,0.7841416182073168,-0.24792561366765964,0.9631507141753324,0.9419492895450869,0.7627369954926321,0.7677921611170008,0.9478725833639509,0.42479814420332473,0.42358669433028673,0.8063901061585682,0.7053563314413502,3.9567587390271908,-0.012053100477843465
0.9615561694553643,0.7370394820029871,0.5323991213636545,0.551080291418543,0.20189800972028832,0.740764426775421,0.37627825530504877,0.4861497797893194,0.7053538699207779,-0.004111455558582604,0.2962931735834674,-0.2118728276359477,0.29499488712444494,1.069896769306355,0.6686741221880005,0.6532094090510612,0.8324592586200656,0.9180003593673047,0.9071699474166128,0.6145591774518585,0.4639887323421156,0.6062944575247289,0.044177906150525886,0.8108134004889892,0.18860717409581004,0.15132697312526935,0.42270067231871855,-0.07321447058569186,0.5484707395151275,0.4522411117799152,3.436400779562611,0.9856517803561846
0.5605828697655794,1.1086112647519437,0.8283387012196282,0.1746936373381071,0.1342810294599624,0.788481722865909,0.8593084723547376,0.19422612633452177,0.7699046062206844,0.4091150197890578,0.7777274249839027,-0.0273943055997507,0.5464510896504512,0.9545367928848816,0.850715077173506,0.5481227598482623,0.29767892798498957,0.44909100806223445,0.6579783520953705,0.047494720910465485,0.1818134915291127,0.3559193119691514,0.16275810267883162,0.1287621536513699,0.46853464445011184,0.6761046572393937,0.3660422070561917,0.9997715875004131,0.18330582939871626,0.6065283272029018,3.3511630475019527,0.046381896170537715
0.5821425891872937,0.6996431900784833,0.3812168709419036,0.632970266106493,0.2413932107551266,0.6368879121826101,0.08457867967749128,0.5319166466172455,0.25599199104181825,0.9455939079394812,0.5739871478551508,0.22181743271130655,0.052973060701538593,0.18159905712553961,0.36061596753233865,0.37724758851785367,0.6199721001063233,0.285442763233692,0.2693341707852819,-0.04500605102677273,0.75352900736034,0.8311434990147631,0.5160887243738913,0.6144958783395124,0.06084550352923994,0.30897885752352305,0.5776736594466637,0.9302526278615801,-0.05383531952541693,0.5779771683538265,2.8594283076696487,-0.10896421821993324
0.9337465837067517,0.497961409753293,0.5499181808363637,0.32547185135784445,0.41234993788719343,1.0155092556342353,0.630888631978188,-0.024859712741218114,0.14212054352925318,0.5324473635168324,0.942655665668068,0.44562248559355655,0.22550593217629378,0.222810381642497,0.8709587123557061,0.7014528472780805,0.6524159007477773,0.07428314504300909,0.6743380672999068,0.11661095385860895,0.16712550326521136,0.11521505392644854,0.15980846235448246,0.24134040514040858,1.160708733822292,0.2523344403833063,0.4129856673419311,-0.10050988921324117,0.8257070926188484,0.2838294120233082,3.6854912398787874,0.37242138430978494
0.18690218785943324,0.1610813359174774,0.05065447656123735,1.0382598511036771,0.7482200582424072,0.41608552087001316,0.22537048852138053,0.2829689074637496,0.2507606618016379,0.7534251856103775,0.15261005264691788,0.28774016398773783,0.5643918938369841,0.7382241588667457,0.8632651729246066,0.34643643081219955,0.2776940293512576,0.33700949025430516,1.0240871259042725,0.29831973492021524,0.3978802419732069,0.8447437852822202,0.3974965251046688,0.3525064916425883,0.5670380332691068,0.09468257181083477,0.4563950879398681,0.0003236292005379948,0.6022818035141774,0.17416958148225253,3.5911595417007245,0.04189143418024781
0.6190952598798833,0.47540579266951283,0.8182040356799123,0.01825322204687619,0.7855481947162694,0.9430217794995961,1.0523802350228644,0.9821386401478729,1.0297840455265248,1.0315012470289329,0.6418104770706426,0.22293516513135647,0.02943722654684086,0.5410806680079555,0.8407875252963898,0.9407969980811025,0.8938446382760933,0.5630873235636744,0.3847841460785507,0.6767457231685763,0.20425248136481206,0.5259909141657471,0.7767402344889013,0.4222823207492823,0.35784891880613,0.12782336639815434,0.4943774931460393,0.3121305529604946,0.5239920769079527,0.38609993422859035,3.5800134619122206,-0.1431058459302116
0.41163747348687596,1.0418418591069805,0.3469572041211362,0.652835874033367,0.3266238093422236,0.5896873418245726,0.5846261315034327,0.9324462410192788,0.8298601419970328,0.4448778813220909,0.7825435884160028,0.24439633566833396,0.5964716611278731,0.8123174472647737,0.15864961715948292,0.4398536472186901,0.07714845894884023,0.6962887265457527,1.0048553612698856,0.902641284763584,-0.028377012061941386,0.5137990260848612,0.6476109611535402,0.7840364006764712,0.33534889059477585,-0.0068286423008003805,0.3734945216586802,0.25013571719532557,0.7899411097842937,0.8830359810668239,3.6255997887777793,0.013494335554190351
0.36017256870500214,0.5210734526467986,0.6462192471382994,0.8204789448712537,0.5735611342893128,0.656865975036018,0.4941462013215288,0.44595120552403567,0.8055761662234188,-0.12429800479693207,0.6984494867008672,0.31522319529441123,0.8824000452023714,0.050223440426397425,0.553618413803382,0.016998415367473832,0.6195179732588028,0.77597126612533,0.06345454652552115,0.20888443505732252,0.6319550252938326,0.14635003545712927,0.5086330998200631,0.5830514462040521,-0.0015709602336030082,0.9925250763464021,0.10405161355839661,0.2370965454699757,0.01781983235296973,0.13542969981933392,3.494773604401509,0.11092763692454649
0.8151446892287564,0.4194710605091936,0.37437949071477783,0.6968923536038643,-0.0014221600472735761,0.2208616108963233,0.4448004317822194,0.32774517696732824,0.4291350194104,0.8765652353987029,0.6560291424527712,0.1805960504617583,0.7111804040745282,0.13028177454994225,0.12400895745668133,0.02747866849463644,0.540674341818356,0.3273309756581362,0.8652087851511885,0.24040044436634495,0.6973572739071672,0.5413505461065629,0.8176082957400782,0.3451731632023346,0.20992040060357578,0.8809089408211175,0.45365890459985014,0.7383541659119269,0.07070872740267058,-0.03929218098939047,3.195223190924979,0.06719086457776129
-0.06527864594709429,0.5359230787422548,0.4154372976149592,0.669016425166387,0.15067828238239825,-0.03401495717928293,0.655509280753653,0.08321156056907882,0.15723931985347417,0.36158071553217996,0.7982732349457445,0.7922752785597795,0.7642904566122855,0.08589259625590143,0.33436231823828716,0.27314226120897134,0.5592965115249794,-0.06737823896387996,0.6454040922327106,0.656160793995684,0.8858396052399778,0.019992772958367613,0.529961774070577,0.2138076789908711,0.6660324382630335,0.38239316975005133,0.4145288320572885,0.16696837303150214,0.3720061173474174,0.4235366999877813,3.09172236155996,-0.10012224743244678
0.7567395300227007,0.36636359663511514,0.7123635332162063,0.9750405284725022,0.12358920792237028,0.6883967618114731,0.2706455283670085,0.10032221976536937,0.4352546708398318,0.9694160238196964,0.8405387178979881,0.7546799960475834,0.27106339123626744,0.22986372388547976,0.3130364812066401,0.6339416260095456,0.2540377322518176,0.8481294877712804,0.11420708240690353,0.6504540442448005,0.12778268446364172,0.8459104295856478,0.22791838588078328,0.17560241688435294,0.9783882922174592,0.5859984009413968,0.5762198976790899,0.8237711670859146,0.6669528157143476,0.29334148390683434,3.790756061161446,-0.023430410606351437
0.976575524066978,0.5604063421534584,0.1738326924242458,0.24002767468305836,-0.03742328114628869,0.07781612235585122,0.6442416654844952,0.5130658227769151,0.9618063268085997,0.30993730119417945,0.24268986059295294,0.3868822008370198,0.7079761644709864,0.4051426769191804,0.23583447773089813,0.40792254439649234,0.8273935779954962,0.48526823466028746,0.5249499555660117,0.8305315694553546,0.68683780724732,0.15567763707000185,-0.10242722137822452,0.7731007389122505,0.7150684764858373,-0.03898790830055007,0.014796376603725042,0.7713002401542096,1.10527374358386,0.6471768921673063,2.9944800945769505,-0.029955194233527643
0.757734908136543,0.2504687828322888,0.6990648947098158,0.08671592402296699,0.9179238091796246,0.21477967568413558,0.7864614278011719,0.3635983528646427,0.3441165234061627,0.980328971919563,0.6633791766748083,0.5255869405734496,0.7654655045122324,0.2046809664454019,0.6080599110552979,0.7639973689266447,0.6522579208952615,0.4302099489954364,1.0729591207156681,0.6209193191020355,0.24900107187224566,0.4495936252851026,0.6252454831693933,0.7023442446155933,0.2689882587875573,0.5842169093748341,0.7010874238312663,1.1531015461902807,0.5948778555950093,0.5030349285230474,2.789664781115632,0.18832647559031973
0.48271766981292713,0.44842730028281436,0.4304289018509617,0.5069993377544608,0.06535436887701487,0.2837821070238213,0.7059698274445905,0.5763434763136319,0.864565844056469,0.6088519079969894,0.5784595163232445,0.4160880095085265,0.6125884768363277,0.5927155922897607,0.9014866066258035,0.7133930808506717,0.7952204208049175,0.5625781013396357,0.4467717886939735,0.08253892101500236,0.026107838967614747,0.3397808769833218,0.13623528271513427,0.9167738249801172,0.832852592739759,0.7815757675011119,0.20853575691245402,0.9035122575066528,0.45066127470298467,0.393211753901704,3.0706682049304277,-0.10797253978585226
0.27230814023852434,0.7837769955889758,0.4310289392860348,0.5091488494936507,0.80513923938547,0.07935893752943338,0.8438637144095253,0.08180950303248327,0.12429001117475785,0.6229955091480442,0.6672075980040462,0.40773999278806056,0.16378595421596318,0.0008009585474114678,0.8761259022527096,0.614876723456476,0.3868855155867713,0.44445959337393454,-0.01784808506251434,0.5439662100614701,0.8764172272656338,0.02646175981390482,0.013751044049738717,0.43979432499727755,0.3006483044066691,0.9115301091465524,0.6092095464172805,0.13433559990278576,0.7036770371626496,0.0249186845871201,3.7118667083408083,0.07528241905858343
0.6448605344574251,0.5254323437663934,0.14542049660009893,0.5776967077665216,0.24431353916227824,0.27137173990446745,0.3601143579625308,0.28710529260410994,0.5928390000385971,0.8134106243014949,0.23016841766809354,0.7142131354805625,0.08631018098652005,0.36167278323474816,0.7037333143464212,0.4309520684707303,0.7897073225669623,0.20826737830320924,-0.020513975928763778,0.5533218757503185,0.6703943049905303,0.4035509961858524,0.20378295153553108,0.401827128719482,0.8616622727388363,0.8483849325489274,0.1108439788684434,0.14958552023270186,0.7896437773489977,0.4216610455000233,2.63900988122967,0.09516516089220757
0.4881474295780562,0.6146823671277307,0.6445631250624512,-0.09294891907263905,0.8476654343048982,0.44477089649202534,0.735175067340944,0.35442246428246493,0.005111826717564931,0.5909091135401923,0.6337994499647283,0.7869341777087095,0.8119184769006336,0.4739173492685837,0.2893774171857729,0.22895853658269985,0.8580908142564724,1.0680235240723919,0.09923047158736695,0.21775728291363272,0.258185571777437,0.7942536057686719,0.8494990624299257,0.5224169787336929,-0.16363172478871774,0.14829343361869113,0.9852770670526922,0.25557030023769156,0.010419516352178193,-0.12485034960367884,3.541022654189153,0.08215250423831122
0.40224141535952546,0.6905435078940773,0.7715748165734616,0.7699479878063382,1.0350763448105238,0.6282193206039444,0.041576584651332474,0.8793113986602492,0.22659529040640464,-0.015491658224471197,0.6345952789083171,0.3202743866335554,0.08132895994323278,0.7829085877484714,0.16276545127159578,0.5878415671382295,0.7288499637391717,0.44511490493995753,0.6848006719915771,0.07653439425681946,0.21116537992514248,0.2075472289280503,0.18492752677215546,0.2320491324579168,0.22987897377087851,0.11955886016923883,0.4415001036550863,1.0455328919463909,0.07081695269884226,0.8263183554272733,3.9183895769544135,-0.14546730683611012
0.765391867962476,0.2096694113654377,0.2515437354432096,0.2355607661888041,0.5273235420276058,0.7195036050174022,0.47250943539754453,0.7573871370589056,0.4594579947979548,0.04480691478489611,0.44264596542824125,0.8608412259068016,0.5242259827171667,0.10956602539060141,0.1897026387013025,0.8297732031924456,1.0904054453211944,0.7040309611978057,0.5615095986924351,0.019919870390348635,0.5839431975008084,0.8446600309610349,0.42390433816733275,0.5417865640848214,0.5164128283921516,0.22031176731605695,-0.10432044700785444,0.8264453330597175,0.15984958088675078,0.04423699236364642,3.417021564784695,-0.014928917104747606
0.5387461446193974,0.1354594726806298,0.3231793827992978,0.5620082311651292,0.06994165441356072,1.0400304582258546,0.09499162189761266,0.17707414099744556,0.28091793582823826,0.5367987915601717,0.6819384966032335,-0.01682028423017365,0.4417136441876836,0.31078438910928746,0.3698835308838482,0.2875952823002018,0.2129978219958541,0.44518530190931904,0.037386786708828515,0.44728377258865076,0.39628885539584924,0.03266373707938486,0.30278098795045605,0.6786328990967209,0.1883442007224232,0.31162074170821524,0.3166723262548172,1.031963895232225,0.6351293653535769,0.20974847449196377,2.92281030045473,0.03750553005078582
0.6800190347762899,0.7137774078387797,1.1200085338968044,0.888020850144407,0.5705562492631994,-0.0014408941107061646,0.27990587923038124,0.8734354977973349,0.9040256895425254,0.4284615803165644,0.41105805156324426,0.5399841794214474,-0.00268699304982839,0.9620368838357728,0.7089438242218224,0.37735241800255487,0.8119170005600735,0.24715659870967976,0.23120211370243515,0.04630995154169839,0.9649906852147334,0.038226518611166466,0.17408948975182365,0.9620888431850777,0.134648890453195,-0.02276769321587764,0.37699042563690816,0.5487736532686668,0.6928726204802896,1.0825149601724187,3.966081689112387,0.05988227128421574
0.10865697404924587,0.9610728212606603,0.25348702517686644,0.5758493561690929,0.7181526948161183,0.16617315109123243,0.958890698592532,0.8515074151874381,0.6227817445005599,0.7901606639833196,0.32801519934823165,0.18093592590563948,0.20667345775660073,0.946475242516784,0.1568373347900799,0.031251545846586105,0.873668894814224,0.8090531215127936,-0.12671507458870973,0.48201652973574366,0.8017698160002602,0.8296602202936032,0.5460589716783224,0.486734663112752,0.27144830525552693,0.5063854261148683,0.8879378730977194,-0.05080407438270672,0.6892881859656517,0.061109192206427895,3.440196873552989,-0.013022616559806006
0.8561652855494012,0.5690389468427417,0.8525440593424456,0.19094678444448193,-0.11633004238121075,0.2342946768477344,0.20410931240416968,0.35013605068157977,0.6521592289236973,0.12438630845987059,0.8358079356434938,0.5164280812356216,0.5776988938307559,0.5954946317660708,0.414098463641649,0.7435382746418133,0.0959237677520477,0.8652690309339023,0.8650570747582037,0.4584498898252448,0.8689838249443298,0.19583762957390144,0.48781250835926965,0.42637244476346875,0.9338887098248315,0.09613137549692163,0.6175743103055447,0.8190153817236092,0.8337848488815554,0.5608920095304548,3.2374606912291193,0.046936957398939744
1.0015531024182998,0.36760105472270094,0.8678662874976459,0.869245286178242,0.14651905706333865,0.9407854038127926,0.4619548103044381,0.4509779936446423,-0.02330774177393366,0.7411113650012231,0.9009695022727033,0.4501856556143693,0.981254855701979,0.4614837888912613,0.8209695185597565,0.2521087488416253,0.7106339863593694,0.4027494056324339,0.3005759922274559,0.22344050737052512,0.8048558764507444,0.3293209693743784,0.17197740962068703,0.8636161735897628,0.09839191433356811,0.14252674412771726,0.9009626588775128,0.4798434351932361,0.21754583838389813,0.7035323802249257,3.524524410109964,-0.029226549407424696
0.10322170906319383,0.936623471462276,0.36701999360883336,1.0582594409946484,0.9174987957179865,0.10138679539183498,0.6788832589513113,0.9961208131371027,0.14937617969873582,0.793251828215199,0.4667992210404086,1.073914504579686,0.05092256810989175,0.09011070082969501,0.8144949056297442,0.6609888733203754,0.20483696120527828,-0.10420488957192489,0.0459355180051194,0.7299137409149914,0.3270373667255456,0.9830008854243242,0.9542616105338346,0.47945656399404135,0.8376023109897041,0.29431246730068733,-0.03250658755971865,0.3891607821686493,0.24811839986478434,0.08071273138793776,4.475823499198568,-0.039135107559418514
1.059326106089852,-0.023545083835236458,-0.12653445147132258,0.6499621459124827,0.6232829929078946,0.87401735826566,-0.10126025563765244,0.2917268750877195,0.9371759050314659,0.38960997506575734,0.5686749531643257,0.3829540624270698,-0.12302429084221543,0.9218374472025159,0.7375990598303683,0.825452194701411,0.7108096455972267,0.6211840499060352,0.27904224953303464,0.5442303659401524,0.20061813895665906,0.18154508163810407,0.75584028916169,0.7827837809120846,0.6425236643282395,0.11028753032310501,0.03841387001503623,0.1727755117888191,0.3314480791874791,-0.00731578753143604,3.8810788139847894,-0.08156093190988567
0.7918277936670216,0.13290339539571683,0.5853314697466443,0.9668358188924756,0.27051612313082873,0.57376365009862,0.6369613285082955,0.29959662751172533,0.26758114748191125,0.8835313628528563,0.9514859591843896,0.008641335052689832,0.46684799743324273,0.5110093197480085,0.8779005713640556,0.8402865221246419,0.6197108963815328,0.7572207045807348,0.3569212468940539,0.4684438093717137,0.6670589395215132,0.5991786872891467,0.8862924948190724,0.6779609268263436,0.5828833118133498,0.17208844526902306,0.6720399071996676,0.4159350220179055,0.6241815216098797,0.07004524772736369,2.867519579123864,0.05794967741625625
0.5007495956469433,-0.06361597682085729,0.7055325862108945,0.2848282032889663,0.49144622731369836,0.7645505799228535,0.6553010092548697,0.5584630669684696,0.7526676782269931,0.01691107572428821,0.10642933574740082,0.5209886534340037,0.6091828870389541,0.7288319262707676,0.5924351129049348,0.17162658873240424,0.9527934697926176,0.5758277427742539,0.375294812093072,-0.09894505107706048,1.050336863082843,0.7539020555070233,0.24251078736533568,-0.08259986783785042,0.0788681769255396,0.07993356902886953,0.7743486205606567,0.3258078245643615,0.21898403746755285,1.0271026063839266,3.812749044070758,-0.10697191975739351
0.48107685173739206,0.06735673026503813,0.79671633349544,0.8546591571915568,0.5620015497250336,0.52143136679486,0.283551915868326,0.9549121778024658,1.046892457093153,0.5284780686815054,0.11882996133068989,1.0121372486884106,0.5111334040384228,0.28804589473686415,0.5256989537946801,0.6192785686445205,0.8876497415645949,0.6181244327632663,0.5735470271978605,0.34728786342205725,0.10653580075950073,0.833711212912123,0.29517324828848973,0.2823656303507742,0.952884975272039,0.6630817303789548,0.10873408976613717,0.2349578030007552,0.49662223432804165,0.4238887405631324,3.330212573751378,-0.2053687118041123
0.562539002680605,0.05011330926261889,0.8809189015692761,0.32298885987227177,0.11131786974671865,0.835084530042151,0.45865065671928984,0.48894114372673014,0.8569612713975112,0.8141270901799695,0.4857834173978429,0.12910207339252538,0.7212602598720982,0.8360936576997933,1.0306476543857115,0.15438823335149768,0.5270294536299849,0.155625298875498,0.7512525447967788,0.48998886990543866,-0.04468951610850897,0.7721964820331741,0.2015493723736443,0.4675377820850226,0.6035245419851484,0.3391249844933849,0.24689039428488824,0.5418596360448342,0.0005747737689708928,0.31461366505961463,3.3466559789996473,0.04013062878646721
0.8376151579186842,0.7167630114665866,0.4313936017771202,0.13762362522220656,0.6173824467023403,0.5593870471695263,0.3560182709085831,0.7038331622265256,0.4032372715380245,0.39304532581806967,0.3687309247689089,0.7535398761313221,0.23256378185932353,0.0014053566163983178,0.10888775485146435,0.4138666478544418,0.8110429780673963,0.6288447221294556,0.3643900360708525,0.6802717571700517,0.37415233795368796,1.1091145019165403,1.2021498854247132,0.911388145095748,0.7164611421230238,0.5143159517732581,0.8845160693835852,0.7674101381934058,0.9186173543669035,1.0371121747999896,3.1786733214732443,0.018615139232779094
0.31107706829151954,0.360694509282803,0.39878393692312875,0.2669239292521824,0.5713902275966127,0.9324115024229258,0.919069536042548,0.04942018937546723,0.1281018208001054,0.618601872427997,0.28289574266523926,0.039124542837898686,0.4944218714626471,0.18256492182768805,0.777394841650733,0.046593590144747093,-0.014212424790238043,1.0050789545109111,0.18012914262671317,-0.034907101781148184,0.40054929936619676,0.39082682284985376,1.025965721706562,0.7559976427526207,0.6400436040009087,-0.18017616541612588,0.11322812228161916,0.7951204053746603,0.2226839619668376,0.5846474361657211,3.9488514164654713,0.09208692863235728
0.45066266529392457,0.9424535305554332,1.0527789181249607,0.2057376215182992,0.24236048674734795,0.5409843090302107,0.6987744294040433,0.9884610186538727,0.11919439632932041,0.39695380686220927,0.5713122473465172,0.33411240847526336,0.06815835863597913,0.6039838743722677,0.5806214372467913,0.2563332873878451,1.0321311643246975,0.5960873677289894,0.7871363229931316,0.49417224224057843,0.9620402434416633,0.44086220927435704,0.6039123437866885,0.4961933178204301,0.19544326611956708,0.2545265889132015,0.7383662732309788,0.353886957426725,0.9384881258867728,0.17443969608438917,3.2170304366574,-0.10694131736779658
0.0863875013340377,0.7241540896840135,0.35301069080844705,0.744691138463563,-0.004564641732270502,0.5764872396088769,0.7200782630279061,0.4089363328131424,0.7784806347262133,0.39488529501099356,0.7408864571942063,0.5477399440066366,0.522902261008967,0.9461700752695826,1.0291344822247626,0.572044102653759,0.9541980930621033,0.7741481963514847,0.6426950218247329,0.2333377363436524,0.5089721226512312,0.21959922376786356,0.2159462584161146,0.4714644192738681,0.5911967847282772,0.8653801892407639,0.9756721938386456,0.5754816373398701,0.194376317863096,0.8272818784143354,3.0672526470892443,-0.026380922682196474
-0.008099522716664864,0.892144278323999,0.24275553582694087,-0.10804883149370358,0.6820794335636798,0.6957639971492052,0.4210214630784437,0.5516612724749441,0.022597897197879024,0.8616157158065941,0.8360748538280208,0.8098365344539962,0.1424839018784279,0.3367836748373501,0.3648123678378238,0.5413772210627793,0.6316787833276837,0.11181031888742615,0.3063888582811226,0.012234132814913617,-0.02359730398220486,0.2990562167433053,0.2897257063909694,0.7351076784900668,0.47819901462597064,0.7217884485128558,-0.00947126858537551,0.15706476945300007,0.8346700278673966,0.5642758038296511,3.4679988882519797,-0.2219837221903973
0.04693302044237649,0.4074401145094615,0.3844576796812728,0.7629257650914841,0.5634418206686593,0.172427217122883,0.4824362869523836,0.8701304594477484,0.9407355992889151,1.232151336573615,0.9824837745043746,0.013967648580902818,0.26173539014997865,-0.07842176481065774,0.7491319192988658,0.7538259586679477,0.6123436927179111,0.5232847655266625,0.6195226728643707,0.259998393544483,0.19797347478943572,1.134213947399384,0.8923793850399667,0.26235654367640376,0.4232108512678744,0.7835371723176465,0.2621191683047066,0.2030543387025341,0.4644561511976248,0.8875617427317041,3.4415173979349767,-0.02641470077504245
0.6313855643165367,0.17397950525287542,0.4085996608741176,0.40717194014261987,0.32463686733983455,0.31023520784925973,0.8041420972863391,0.46716262563887795,0.322092644721831,0.027600033489677288,0.30502669820062367,0.028198474435892195,0.7669026048535724,0.44703903500422654,0.3902740761604681,0.6342442766174505,0.43013544762453204,0.384089389237969,0.3982167291495178,1.0578653450908977,1.0288389837069185,0.7658402819225283,0.8458664255408513,0.5595465210442816,0.4034219570089629,0.7532936812177503,0.7676518744650691,0.5710272958127139,0.716235439956618,0.4468166868056986,2.8084335463507757,0.1592064262964332
0.6120017624639569,0.42982033953898147,0.19615155921189972,0.9954750532651168,0.05400465211781409,0.6203207783591883,0.3206287671860618,0.2614890239061116,0.3145793167887025,0.4867029186888023,0.6303121886727261,0.629731836283929,0.04917339853058661,0.7074779200582648,0.31639439196758834,0.9332491456097322,0.6036800660349153,0.35160794191411504,0.49318209991328277,0.34516589275898024,0.9674748919295859,0.03652189891843285,0.22980541888297468,0.3478508585441711,0.75426129578895,0.9445272618500535,0.6650136629794731,0.1878179593213957,1.1029253403106196,0.2556456213983623,3.2225606525007455,0.04267074638230847
0.3057841820380617,0.8785682484184254,0.6199420663151292,0.9094730773639159,0.007899565348268647,0.36451886548352475,0.1569546215414354,0.7964446425239491,0.4355229745082937,0.8280569932475307,0.14021571842887504,0.4733246549980797,0.011270238544898566,0.9540063067979992,0.9348024849747854,0.95694389102024,0.5352631050843896,-0.05552170586071042,0.4166739825462331,0.10757402755985938,0.4331646289493472,0.8986514931092953,0.985054178559589,0.04885981848504209,0.9437256844140975,0.20497761616357052,1.1293880406282182,0.37539873139432023,0.7579961147736882,0.7754625041032954,4.680213540695402,-0.03447515382980539
0.04451172684791719,0.25228694217832287,0.15282418000455894,0.6093838304003112,0.06888598214026795,0.2948501552534445,1.19635317465165,0.694374344201518,0.5646077217474396,0.3626102806023197,0.5377081454421975,0.42747547532939767,0.047898374575430794,0.6356714115875952,0.6113448239755873,0.39685051638218877,0.7507634614492854,0.43370997165501074,0.6733996200292579,0.034761214840315885,0.28333366276608307,0.04220252501032867,0.4214300645374527,0.2663412389716281,0.4762114980245133,0.9060215960530494,0.9032002235481292,0.06684756174742555,0.23312738135134428,0.4982402336281968,3.0703683614895168,-0.04911639897922683
0.8925852159083506,0.8737295929645895,0.3051067771144493,0.18070649305313224,0.22892637101441043,0.3516640438167468,0.27937709360800556,0.29086673251394085,0.17264771128730022,0.34675359504342057,0.498800365585569,0.14423079663164715,0.37649847811975,0.14714814225775613,0.025422751399672067,0.07195946197680976,0.24983450212200062,0.13187690362167565,1.0047523396567524,0.6030410414320442,-0.052102575498416445,0.7948843191272282,0.7572160612730078,0.3766560148811315,0.2570088632100858,0.9050623033299177,0.3121014087235349,0.6269891448128886,0.3307842325770127,0.6058686178225531,3.4601868729780145,0.24436082337897203
0.8093665119757903,0.5682217787054493,0.6249330279500774,0.41460366873385146,0.3375537770692051,0.0018622223717370684,0.17125959140506866,0.432207025192804,0.3528603553909977,0.5635119956613689,0.38682076057555886,0.34218197187101596,0.9248926813468313,0.8822505186693902,1.1717585294105324,0.17310762042629627,1.0497613194917206,0.6469923076109838,0.8718754744170725,-0.06929564077332614,-0.015283446149126556,0.8595295507637255,-0.03940407071539642,0.8590238674677271,0.5759270016551223,0.5363647590752783,0.21827023830208403,0.9103265757521597,0.45481721178522516,-0.011969114673511722,4.196472604156819,-0.02319969492304451
0.029262041976752973,0.7049843356711994,0.716033778648217,0.3559727059118236,1.017395078798968,0.49415506519219,0.9271593911696745,0.5332049410898788,0.8319993769417016,1.0371198729948221,0.12163386833913409,0.35733874694899487,0.5392183538096762,0.21591645520476477,0.8515549172778512,0.37471918659250336,0.4911613038448064,0.8769265866025302,0.06067771531078481,0.4859511882382349,0.6643528274400511,0.28880357806295387,0.2207881517673946,0.5647161695969938,0.6635263420323485,0.7030060831657605,0.9019536055260302,0.8460438282830255,1.059182308125105,0.3638440807987027,2.779419144471959,0.05085710945917783
0.04008003611132137,0.1884444472419998,0.19295290962615025,0.37585684504390326,0.07412870655589938,0.7808841204190007,0.5662073424293003,0.5952434533456789,0.1089321529012502,0.18832966849984725,1.0534170433485661,-0.07891905140303261,0.4592606925930963,0.31702513741554095,0.01834688761154677,0.34673114395471455,0.3255021325035196,0.528982255865583,0.6761058677367564,0.5681804325365108,0.7284738088016294,0.4980413010563594,0.35218022355044126,0.14878309795409067,-0.07737455160140458,0.21810778972153447,1.0476785876444583,0.9620549805904555,0.4735153562197864,0.3674650530641282,3.412491873412973,0.05021338455831134
0.5785887133544151,0.03213073109638348,1.076548094447843,0.5243745891051869,0.273566555063727,0.27786532483131493,0.6073983741598997,0.36218078308395385,-0.008571339466376227,0.8641930653963199,-0.04438573937514484,0.042017842883785135,0.2942018293818786,0.8453308271515323,0.8658367488772462,0.4780630833905885,0.73720956732525,0.7484103501189368,0.25612924944668986,0.8589297150412932,0.6875875190463703,0.4268159491081245,0.733894588171872,0.7322300284510667,0.14343983326269288,0.6982756162418332,0.5058912896029383,0.6036634396390734,0.6248637757442482,0.9186378843187392,2.9591445946461477,0.13604952440240525
0.8235759350701778,0.6620777152633135,0.9795579734669189,0.7194411089664571,0.6530418692381278,0.5413824975419105,0.35623658203621206,0.5715977463848358,0.8462999928894906,0.33290768072524013,0.49379302147088444,0.748226483445938,1.011883945378673,0.7955982112330887,0.5625210673621266,0.21782576910304496,0.6070227861132569,0.07773765308076522,0.6256789806036248,0.9545032468515127,0.25139604971896284,0.59998493119473,0.17839480777995098,0.9026507156584036,0.46000488746112916,0.7569456896513904,0.0911019565194875,0.20643777164716032,0.21840797297554537,0.19359915420059054,3.447589475976431,-0.036586812505056736
0.7525022907533787,0.8837367582069585,0.9351322786255161,0.3818936103442714,0.6794886154645795,0.08763712777931107,0.15756171193086882,0.39683448710723945,0.1665348816050432,0.45806059223538165,0.05389535218860214,0.389227861939503,0.7589501420214474,-0.11733007155784185,0.6033209838479172,0.2788478023008891,0.07351123053488112,1.0941396108332453,0.583917768131909,0.9788835636362233,0.5331754796526446,1.071274503227647,0.32344237621931377,1.2366352310733129,0.29107682432545956,0.15950907696796718,-0.03629452448083954,0.09069011595076548,0.8162296043344391,0.03281751972151238,4.122013668816266,0.07139854731445576
0.4520485223330221,0.36543306963471833,0.27578606996343374,0.16525856881087228,0.9206693431870493,0.47665270840061963,0.720809237466962,0.634453915164954,0.51742654214966,0.16812960975377794,-0.01970495536433689,0.8849982806141161,0.2735249784459723,1.0218866195624452,0.6963049338143856,0.8705374448004018,0.6925791598273562,0.38219791443287005,0.43054202502876965,1.0539341452537108,0.41951602279666456,0.4228217759684396,1.0243237186186531,1.0022493512705406,0.4478928838225128,1.0187936399623476,0.24196995408788435,0.4223040504706721,0.7977658106198477,0.7077739473143684,3.4610447902997565,0.03525083452858079
0.11392124245313659,1.0628670055204714,0.1730831801570514,0.045606125091849595,0.9773789803947253,0.06364750011618381,0.5068690122555962,0.5760611230058665,0.7427958480262662,0.45390840064364585,0.02192259392189007,1.0375274825545848,1.1402731705273876,0.5389843854045139,0.177479180334168,0.5838219681954087,0.6723504842311138,0.301424144997704,0.6196235792577293,0.6485790674599439,1.0275793681185785,1.1422748324143681,0.1328414549183718,0.2360291421677883,0.04604680437831582,0.3247789933934566,0.3783897395895645,0.31138247467353974,0.23287302151838615,0.5777070402739297,3.9817837139754038,-0.05708514527773602
0.7999356630661191,0.5105593361746663,1.0822020841799371,0.5472662260975285,0.5984930000560318,0.8853592517309783,0.07931763345859315,0.3064597473930727,0.8674600442197151,0.12507340675516265,0.6232039926498506,0.0878167879672926,0.7873696101206813,-0.005571708780106502,0.4142388415869751,0.16818357722398575,0.6854447280113047,0.2644208614186674,0.8418151633748424,0.791966668511305,0.6920177734098985,0.5952823717861333,0.5605073871209572,0.9199777521829418,0.5778209345855203,0.8131036618893345,0.21070235800945195,0.5196988147165865,0.027880249753487955,0.29415531836904923,3.7593760683099706,-0.021122456917564987
1.0091815977507366,0.8049540070494734,0.3938905659018402,0.3432478322588345,0.6532119789835745,0.26647345881863355,0.4079844539924105,0.4438317452973711,0.1858071118100952,0.6874056845881961,0.02098377514764977,0.39297262260794186,0.27688662122778557,0.5705314242194673,0.36136615061230226,0.8276407902953573,0.09766374681653599,0.769264334259719,0.23906729095442644,0.3338324675165493,0.18471865003194202,0.9452879085724287,0.46882265306658183,-0.06304526495076251,0.04971367806816089,0.2500174499226262,0.1234328778310094,0.45151037387320975,0.9354383457829503,0.8247132331726107,3.0479722080719602,0.31821406318425066
0.669676769073591,0.48115135223565475,0.9111366565449663,0.8201165325608535,0.5136496728612423,0.8192728393230372,0.9412274709694662,0.5279159801341478,0.6028063692423347,0.7150787329898624,0.6801848344002529,0.3742888315358519,0.2673825706170518,0.4833891456326771,0.8129088028672782,0.8015540148828713,0.138508774792073,0.3895519885739339,0.3615144419754565,0.6450531416337614,-0.036669954393856036,0.6460797415726737,0.6548140174057624,0.15290530704085165,0.8175647444526628,0.8567028229120734,-0.08642892363068538,0.33629472641696956,0.9137328931216047,-0.1516529817103714,3.296854159869735,-0.09296976156191022
0.26361220979016725,0.5864790891889266,0.3217797464568331,0.7702991038146347,0.8860381859452541,0.5751306827798088,0.8909865748713777,0.7629001867869829,0.5585302433432052,0.16307021659119988,0.8578800180385385,0.25314887995529733,0.38459625920591367,0.18798327687963096,0.36473786953071713,0.3498074331324172,0.7837194111619611,0.8327598344980767,1.3771476889791114,0.6301731810441084,0.33732596509218193,0.7452688869616736,0.02181285900328042,0.7207694847696777,0.6816030937919099,0.10900119812230238,0.7584624585367464,0.6907047210050905,0.6489128031181886,-0.030175025098979763,3.3442297058611246,-0.11258114242795055
0.8524196543185599,0.365953766665687,0.19232126864828708,0.6278148480682384,0.5870136089334218,0.4415746180506639,0.08499302970544331,0.7376593781633282,0.9104911806576875,0.7150208078816288,0.2266090363348912,0.40151118848572054,0.7839393193880902,0.9345523430206377,0.7461496632531603,0.7073950966226328,0.8829527099668337,0.6140014871343573,0.028682746522983124,0.9057560917207885,0.7298387404486074,0.03966663676041104,0.540828139271185,0.33082297948854666,0.1297268993926773,0.823712843132039,0.3319828506432979,-0.1282138309352443,0.6184024243754485,0.23186384954693817,3.236506089513289,0.0066445591896169024
-0.019055606811451548,0.44641501960335245,0.6661786116637063,0.5627179716450152,0.06282016440111948,0.53873354979955,0.21032721399291418,0.5538106814441944,0.278001920533978,0.31762231526247736,1.056663590693647,0.5990289180104332,-0.08274111812112478,0.21482971039958174,1.0654715279640288,0.24986096986617076,0.09600849028345373,0.34249473545342335,0.3016020828574479,0.9168917140367266,0.13450773666827887,0.7669547556758,0.33759066308756525,0.9488202635300842,-0.03161205474734671,0.6126123797543177,0.0993788124831021,1.0017665622229959,-0.062361902582526316,1.0910955121137536,3.896549639108151,0.10183296700981775
0.6568754533123325,0.199027395252781,0.1197228897081653,0.9037536996145302,0.2813209044896954,0.29265214999885547,0.34737458261317006,0.764277422417288,1.0759381062402076,0.8589259607421171,0.017931313567649307,0.20636525379268678,0.8780143053375923,0.3418628800812219,0.9258866690834217,0.0995665467549891,0.1084740193993825,0.23157247114414042,0.7530366891963923,0.5752387719143587,0.818906009046772,0.3449782872543824,0.5120144172082368,0.7769617775133758,0.7374294304405704,0.14844797111971392,0.09251220960656957,0.7497159128289776,0.8420890352906226,1.0979937913289335,3.803621759436962,-0.07373685748060524
0.08503801662233339,0.39979483080327477,0.39501286370674593,0.8050182248532134,0.5496615569305456,0.8521666493125669,0.9314261315217961,0.39518725854541087,0.9655478218109339,0.14452342015964195,0.47544035217816183,0.10173253204815608,0.29000022023826616,0.09006980035291916,0.8688480101588563,0.6166415304702344,0.8110519441997373,0.5866026579465007,-0.028426384639907168,1.0955494167031987,0.26791083563302764,0.6335230504714477,0.8599935461597261,1.1893728839396447,0.3395737053473814,0.18461577181703348,0.1676461208596484,0.9067074427854522,0.4486958890642025,0.48882322020739877,3.923009988127774,-0.09641138776357258
0.63839355120089,0.4812979635053769,0.8894977655217862,0.20181067510702236,0.2394279492521629,0.48411752146705295,0.31861035495881823,0.5286553462643604,0.35107494475471007,1.1440025218126921,0.5538521258611744,0.9151604862866076,0.06865726469771649,0.9569705481885167,0.5033260547394145,0.9285714131426533,0.6475453251156906,0.4547065336216061,0.591164269333889,0.24771426340557895,0.8877265846077831,0.8660543320639051,0.5980456867927584,0.6157561012628,0.3777190092629322,0.8390429655111383,0.5162176882585143,0.5724543054727927,0.22545159007788051,0.8355753989435094,3.470691947837196,-0.16462513767653478
1.014954625311259,0.7195846703405329,0.05911040762243536,0.7973496661383013,0.785703978027931,-0.025928098291594787,0.07300042234273615,0.3987391933205655,0.16248997578615432,0.841619677647276,0.00210980291259949,0.45981623912475467,0.03472096751777197,0.7889482202095881,0.5340099081148599,0.11626231379125031,0.2460167299502709,0.5721355208927446,0.07273659977415431,0.20572228491411693,0.7464084612381465,0.23345401641863583,0.7961841143486194,0.32252786019459123,0.008772067127507499,0.8351733204741609,0.7444445283005483,0.059332041975546215,1.087502810365723,0.8626022186117533,3.905432802658145,0.006809552365841022
0.5375406648497978,0.6397319715191738,0.1844520564573392,0.24501819952133805,0.7712567843347296,-0.07434333384003172,0.6243231748535524,0.864597676757648,1.039436087545765,0.4598813889876391,0.28128508091758064,0.34476562751308903,0.5815420801288129,0.28262171349469695,0.7184534405092823,0.08047864866920766,0.6670757666679075,0.9550690495491752,0.5747877921566281,0.5761703025819542,0.7207890923983317,0.9646020648393145,0.23124166219971792,0.97834751422281,0.9136392277955947,0.8566309540515087,0.9121018789785444,0.6480031206537733,0.147226491612715,0.3873557457627107,3.6701419956839993,-0.015463184132735189
0.5521809908744801,0.9926138620712699,0.49538188384324905,1.0018508056132442,0.4918215807510572,0.49346100404318183,0.32679094429772754,-0.010394289069921587,0.8773348128689358,0.02648261583144866,0.386556761042715,0.48919251626193944,0.12801012262916442,0.9502362742141808,0.35353758009901004,0.48434817295176064,-0.12659094530870557,0.1879498740481192,0.1252806268436069,0.27342124047099114,0.19085157740034078,0.5045583773012384,0.446749072597464,0.7389090421429003,0.9429221433289463,0.5624588483958755,0.4983377719563246,0.8078840521789911,0.5144598904825849,0.4029782414726127,3.420863435153472,0.10476965722253435
0.32741410227070555,0.41135252065897276,0.9181738542937351,0.10052708366110266,0.3117102557191802,0.1712673198529412,0.8329649949184451,0.8387958183233234,0.3054045548802291,0.9743874270077437,0.17299386266949998,0.37463997176635794,0.7704425652277155,0.3561544516935177,0.3265140955825683,0.20412088624011737,0.14958467860273297,0.8135187643917167,0.15734974371728183,0.479002022963817,0.5031596928102042,0.24756249912475126,0.1368727528864112,0.7594142865037143,1.0204168141903875,0.6826950863991383,0.6880019366043261,0.22447011502824488,0.2700019904683123,0.9259288984793111,4.030153228748909,0.03073724100093267
0.04960634888490887,0.6163006133341487,1.045444940934026,0.8147771945893705,0.24177362764194898,0.4496847669714817,0.3410169505067244,1.0590286441954766,0.5591483554477151,0.3518433233792071,0.8951545155536826,0.33801905213275657,0.21321626693041096,0.44416569813352064,0.10431097906369383,0.3969210879747156,0.34779058086825154,0.6498135325945049,0.16736672560046145,0.27121913760665506,0.06592125365237755,0.8382161181576081,0.9814790702615243,0.8162239223332123,0.570279507369287,0.7492180228314246,0.7648662024270007,0.07246665938889495,0.6080356329637807,1.0248177489018915,3.1002397985620993,0.09094951663509487
0.4840159997388796,0.9493874213315526,0.5938018790724502,0.0374620556234299,0.2617837220985074,-0.07083660466824461,0.4205794264687839,0.2957872808188451,0.46957196241907195,0.2273487030242366,0.29870894953583493,0.2854153357701114,0.45755066607319805,0.3010006734327617,0.05623769908918172,-0.23522421782905611,0.6983621317454493,0.7666685943909612,0.09475839597346056,0.20981651733652545,0.23990227583441265,0.31689215063628784,0.6894404326100818,0.24800314312972177,0.036882853017207534,0.08542237729383081,-0.025525514061808405,0.41423807621244213,0.5004129271646872,0.20874008992276163,3.840556919298848,0.07511335561504325
0.9711151570936983,0.29867267565632194,0.6534843903865184,0.40786644814653605,0.1840963775561782,0.04020278801181244,0.8511448438415675,0.40775582856059,0.08957980852608802,0.0747729735294377,0.615959248590131,0.1901221263519873,0.8172725009518073,0.7314936391563189,0.34453985030079515,0.7827510903797492,0.3230512470320595,0.2365715459234034,0.535010508095631,0.910407314890996,0.4975833704548622,0.024298581202743377,0.974748726287077,-0.15492988053412407,0.8031818515921455,0.5470688711731562,0.7811112348413426,0.9597015660686438,0.5322667950994813,0.1310483467980047,3.5718826886114283,0.00969427572188529
0.20653076281079769,0.9284231959053565,0.23755985780389086,0.26677553163326384,0.9263904577909905,0.4450079220285378,0.5545442724124604,0.538471505822546,0.2804356105630612,0.8146513392697173,0.0610310829125964,0.5495094132032243,0.7681578438261875,0.7126183320579063,0.4257172037759656,0.5827291706237188,0.33617172512674565,1.028746796020399,0.46604034233008057,0.37421856604010195,0.09775267653906773,0.6350652763927934,0.24138318293594574,1.018089756985455,0.36461970212787714,0.5508425519675576,0.9412117456952606,0.926623068903948,0.37761005584622054,0.866952713612786,2.7624364864588937,-0.09333907215582754
0.8516054524985347,0.6096805592141448,0.45297843561533624,0.33221905942527763,0.6424752151902982,0.05139628975010858,0.31400135518231703,0.7898553716183323,0.8230716002480983,0.5036785768089418,0.40802845866948184,0.7922473973422886,0.15047282502064502,0.15428892068577088,0.014686174758558386,1.034577182113296,0.7721833144413777,0.12380303670903252,0.15869661393548545,0.8210451034436927,1.0311430190908413,0.14845654073807488,0.23716778902540217,0.029238253041014434,0.2046259430386148,0.6019631259771948,0.8191698207862564,0.5558465080594939,0.635492184856402,0.7495515594105838,3.943648716800648,0.040698282893612193
0.11809602494511202,0.8300223013025713,1.0333106889257793,-0.02095550245013738,0.38111577322893914,0.7660330787893538,0.6966530934583788,0.9386635828567989,0.9024112690046612,0.7853147400435637,0.20954472586944584,0.4837058248759243,0.7938845094164088,0.8931560884073667,0.4933310328466528,0.4853198891660201,0.47914877546690665,0.6273054501881457,0.7245442040330177,0.2532664408395903,0.6473799964185075,0.15972450281294873,0.4294461661321346,-0.0424172295095199,0.2404485029328472,0.2946764437130056,1.0420875109404353,0.3201049445562249,0.6249999561613063,0.9989946020039778,3.297877179003089,-0.18359315623881686
0.5978687167202211,0.1362602936361219,0.0597668918723701,0.6374771192444795,0.012208742238039194,0.11813096976249779,0.4913905924954828,0.14568497196858865,0.7793226433578847,0.016611987767536064,0.9336853108314822,0.3136854474136994,-0.07526588465105213,0.7194131675682036,0.8675082097764691,0.3775707186522673,0.06339853980321554,0.6143701728712725,0.6473037947770184,0.8602424579196719,0.23812626683493773,0.632646557579685,-0.033022899090374244,0.08305623534510351,0.5092635459071194,0.915050170969796,0.8988190578992787,0.41815460162140894,0.5768810869173637,0.7749216050932185,3.3532682384373524,-0.08288155953872134
0.4473751926193173,0.9593887518413569,0.10215915350770655,0.9826297750631909,0.4548903965459258,0.8711899562556902,0.8466054298151675,0.8343661150967838,0.5412545467808116,0.6015380358335367,0.9128067761091081,0.1882671307022591,0.983221494223495,0.4774121419649304,0.22008623133826324,0.16096010351071316,0.8449951693619364,0.3954909702865704,0.7845772867198981,0.6669888120209299,0.7321749671534938,0.2850066354178974,1.0597216442793331,0.2848589713999762,0.19797758671900073,0.49004705507563057,-0.16720915918654705,0.003439398742460409,0.1880032367773133,0.5640460861889397,3.733606353462032,0.14910886090093092
0.08139129429474087,0.627107100381197,0.39190676575483685,0.10316739994523541,0.2835791906524804,0.3091852868660738,0.2884639476044948,0.5944013433117635,0.8599517678666955,1.11402193711335,0.267113739904383,0.7172377290789199,0.3498422169989973,0.4763721383539987,0.853662440221665,0.8112842163326165,-0.13210021605272554,1.2264029842661677,0.8499831248673109,0.5721644900907775,0.7404689751135819,0.4592479381350095,0.5307256779370126,0.15107764198392462,0.794457377373915,0.3691863024256482,0.7282791780349954,-0.0530539042568509,0.22447466918386894,0.5774601408785339,3.4360656826776337,0.0024133962394305673
0.5214114134621329,0.7054958683713378,0.16343417072217886,0.20654570645977016,0.8109116406851801,0.8469543403550869,0.13094653382709073,0.35968624595276116,0.8832942654521506,0.09237882927832232,0.35943468686607066,0.7347308544575799,0.5309096001914317,0.6926169894097192,0.7455608613436896,0.6218262955879332,0.2923039025753258,0.5553152334236142,0.5845425048080901,0.7599582686828563,0.14071607617515736,0.2541443669771618,0.8735874453998566,0.6769728383399056,0.4909535892971776,0.6384589450187335,0.29142068539092547,0.346877480980564,0.7509553891811437,0.16575387814397236,2.7051840089956594,-0.006800841637570629
0.34163641416932217,0.20717895851907092,0.801518490222699,0.5725752060694494,0.4625110367463708,0.5155429434082077,0.3444135747956684,0.17494657576857425,0.09970741993071318,0.2777686761730356,0.2671809260256697,0.5139000389896893,0.5670364871312356,0.10177909735914233,0.18988529784345975,0.6573465897227129,0.1828493084417316,0.6490040949459551,0.841095522529336,0.6318994124197886,0.5100929835389769,0.4752925209615744,0.7991825984623128,0.5340811172399123,0.8874672512430284,0.6045788743089441,0.41963720298863194,0.6394492023563739,0.4211991435350154,0.5964352544295234,2.7360612820742953,-0.03205290118170833
0.19633834418071697,0.4164016242762374,0.2941990878438596,0.9181749853378256,0.5729835290240473,-0.006153659360332152,0.4500309209726068,0.13525222441610374,0.5002077665497455,0.6680168278945704,0.27424707566786244,0.4858126246707102,0.5939050384754881,0.5650306297717982,0.22850767194292312,0.6152266469029227,0.00017240806321902613,0.657101453608689,0.5425481422070896,0.0789583389098621,0.6920883187487418,0.28671375422957657,0.928395046963497,0.5208811753898568,0.46007655641817613,0.6918803264373832,0.1769978313233793,0.5750760545120543,0.11659429995099885,0.10304738525531036,3.0576056004887904,0.09780241959094417
0.19804301645458613,0.47612547299434954,0.29475494502659977,0.15931024544572692,0.08407075967553096,0.2225499105538391,0.27725504148410224,0.1596083973197083,0.4699090971386876,0.19557337210569076,0.7161329600868366,0.0029021763357646698,0.1055034609749334,0.2502173482774783,0.05495583318892323,0.9478067582005882,0.2088137286319081,0.6379253313916035,1.11216428885005,0.34031486029752095,0.18562261965630966,0.4933244844462518,0.24837694544433675,0.5365980626388497,1.083791724865069,0.2019669749126355,0.9062110287921264,0.9291688380808878,0.13528793685653193,0.27486118018244826,3.535582839534073,0.014139633476839815
0.6843886188282581,0.5601374306565055,-0.07389964100872289,0.455668799257358,0.44641980757406136,0.22608602360114674,0.6990358588392304,-0.008427034024910657,0.4175119907179341,0.47311781916653217,0.5423176748141578,0.8660473737444387,0.11557167510930169,0.0471261350114842,0.5914877548426893,0.14643988270332475,0.22849928220914106,0.01817571403053872,0.5718005302099775,0.6945434793443632,0.8091361677702933,-0.1256598351579194,0.006459448495796091,0.9751964822203878,0.6868669874471139,0.11560709421957516,0.3906146555544678,0.8577140170302602,0.5662738559236773,-0.06073312768251998,3.4261580157202136,0.1550074745367552
0.9624922139196155,0.7559918645948668,0.6660338569187153,0.585962448989012,-0.061911790571530595,0.9224226897160643,0.5588321217314323,0.3047673187811998,0.1573794516248428,0.46844037325635535,1.082313483096672,0.7633582084720287,0.9277835040778888,0.595836562314569,0.016939150324093405,0.8313416865984109,0.6389601329010073,0.4635631382763593,0.5084114043741174,0.37850029268704316,0.19142905873092567,0.31210328741157545,0.5896015202098253,0.0775006346290158,0.6783248197565549,0.8206478509149332,0.33221377677826613,0.8920628102311942,0.7185690644922831,0.6751602667405392,3.0944672673498954,0.12338819311828778
0.7436327100760992,1.1006766148555789,0.2078244624408356,0.18674278755662152,0.4684110979952716,0.2571619005983513,0.012948977967881681,0.7925765047263713,0.38017537882051955,1.066041725618127,0.23524794089878437,0.3287143481026179,0.8406261716830707,0.7620689615427576,1.0386615366847678,0.37659844471885695,0.9495641240277909,0.5688482904963543,0.5303260219565407,1.0415656932058388,0.6695319185554862,0.571821527605813,1.1775114964168911,0.5928964171034005,0.6097490510062579,0.591894701719741,0.7838275456611069,0.4932392021475866,0.5236974196105018,0.4353723645714589,3.313020278175037,-0.1642949171154157
0.9543385224843519,0.24158035108429313,1.020595764521476,1.0776990402720281,1.1267080439486103,0.863101328853473,0.07071853948573507,0.5410178775227049,0.25052318500284465,0.7987081904379483,0.515809709061322,0.7319200154101733,0.7283190346360429,0.38573531853612786,-0.01279532853354931,0.03746696369966407,0.6147889735534232,0.6939653262511418,0.013736624437398315,0.9032054021847096,0.8405260226694088,0.977951936103757,1.0961378181212598,0.23894188491983864,0.20846718287867547,0.46968011998806347,0.6514778960505427,0.889376043450312,0.5858573100322805,0.5236325410606221,3.605714126035234,0.33567727586825014
0.893894215417063,0.613178715005082,0.23788110595905243,-0.04130351137671925,0.21216613793610767,0.1373990195461523,0.2417234617260074,0.6460566415488532,0.7852164504804812,0.2474265721520962,0.6422043163692204,0.9083342253401836,0.04747410179923864,0.2981605168326916,0.4419324394604238,0.19464349303892964,0.430029685616988,0.22957365666084,0.13508442265400722,0.759297309048628,0.7581300205753607,0.3183732798602843,0.20051448609402692,0.766058589954058,0.4645815277945928,0.49141108129959277,0.8010177992452561,0.39208950443944474,-0.1389767520045995,0.8356146862036746,2.663273148473267,-0.07998650584311542
-0.16188262885849916,0.8151585650661154,0.7981384265336832,0.027586761577173866,0.12219845783002023,0.17540690179152144,0.21854642864905352,0.31318256528753796,0.11918839263557847,0.8967056577636849,0.6937831986398417,0.14630993104387585,0.9070919564496065,0.3001122633795392,0.8068851170713284,0.6453385985164743,0.0758326453179844,0.628479570230859,0.8302466128897334,0.2905308197765525,0.8163262561445193,0.9328633058803781,0.4092093106420986,0.7565117029262767,0.6341349772487296,0.9100286902771854,0.36429376855607265,0.8650987312390311,0.7026894139683382,0.8461472039866157,3.5569212500604404,0.16897221755526323
0.1440954439486325,0.024689204357068326,0.8428802201209603,0.687992925728314,0.9452322954488153,0.5934476253386154,0.08493097035930414,0.6184084627261419,1.075120649693966,0.641796701378639,0.27924789829427915,0.8043449280420711,0.8336100478952272,0.6939640851462446,-0.08462320463986012,0.4659750448257118,0.7617132797428543,0.690770714988807,0.0460669290538962,0.3072879822927763,0.5813967723444751,0.382451104707384,0.5383563038094008,1.0198315950905754,0.31382917274185496,0.8295360599461956,0.6624190915464633,0.7532246230726862,0.7403272885989939,0.9511896294248872,3.4865525678586438,0.09769719214956035
0.662156239849741,0.5099898789973709,0.7069980139596045,1.021366936349805,0.015326803708692896,0.9842790961145365,0.576968979626852,0.5464009915721538,0.2612822639173334,0.7334547369791627,0.43546206482941185,0.7740405501851837,0.5990661019045068,0.026710514406011715,0.27026775269205006,0.7191386447222232,0.8237765044470307,0.4382283533688904,0.11724506631962806,0.622524488803149,0.7472487598088885,0.03430498754420734,0.3962374055318244,0.7646048346232611,0.08472774506164255,0.7375122009044267,0.35007100479628334,0.23810197066650612,0.9206045982238248,0.9950209488130458,3.532843804813942,0.03793485370218719
0.4275492841157375,0.5510389012606236,0.5287510083391823,0.07254126026771011,0.443771745566353,0.8705780196052957,0.7225849654878578,0.38549807165314354,0.6683178810373065,0.15910681015049816,0.17762298239202587,0.4072533491945976,0.5380953910062685,0.8401886896854218,-0.10223981422922522,0.12022498705128802,1.0722695560638078,0.5074219011226099,0.28789011312600776,0.12358935363152204,0.5883020485604782,1.0314299395947417,0.0872160808338091,0.44032084240197467,0.3137879492470581,0.8784297506911795,0.1916948819087824,0.25591595707230763,0.49395526049654875,0.4124943074074161,3.246589525518915,-0.02318578537759114
0.07581717402004688,0.2717214081614061,1.000952093909754,0.6375656707857107,0.0069730337607144255,0.37903788643263875,0.625844074388038,0.6178342598055923,0.19033524498160526,0.11597272370399792,0.7437059008254133,0.5361328178958377,0.7875639762709478,0.26730162490635456,-0.04048894736443943,0.37010102539015943,0.13477706045444723,0.6466714167972082,0.6057244303926507,0.27752836028142047,0.9437756079040174,-0.003740331598148669,0.9589045462571645,0.08443285098910656,0.4189526792570686,0.21844259874921135,0.56530705233572,0.27402289103160327,0.6899383410406426,0.4259385542266182,3.5076743658448803,-0.0592461215296251
0.8651222139566784,0.7604103073597722,0.056899351245441786,0.6092206064899017,0.4972983603681783,0.45678275997603995,0.07348392648350174,0.7021832864385478,0.26250643858188455,1.0526437375523943,0.27613037461999435,-0.04273507444133043,0.16695187184122642,0.5671838250456643,0.5789216841364828,0.43658565307260766,0.029437370492574062,0.17212090304780034,0.3442175197164102,0.7948661469918383,0.452399150607138,0.08481412703641317,0.5424643190216863,0.8795258599915711,0.3902105327930766,0.2487361015202533,0.4435424282205698,0.7088148582264165,1.065142129057683,-0.1634088767953284,3.6814713613086893,0.04902413094753604
0.7426253859448124,0.5003286961996214,0.7558304529491325,0.5822974680777698,1.1089162494481732,0.9261745489393078,0.28535093399756123,0.14303604083386304,-0.04069990126168744,0.8046131894898129,0.1879021793391243,0.07434334897473119,0.566757175946962,0.6378306817078385,0.7008743972123815,-0.03994986551868503,0.3452598019283629,0.23609874632794758,0.3128471039773474,0.4072232819392025,0.1879176118341936,0.8775773461590888,0.1558211431016074,0.899464549145176,0.18760468865319194,0.5444245126628289,0.6927150964588105,0.7702269088368866,0.8777737788709556,0.20612612180562537,3.5175912490417063,0.025904524657762957
0.0583255724794511,0.8476679980119638,0.3983830610386203,0.9259464991869056,-0.1466313666505214,0.11455195841761548,0.4841133348914303,0.3083095013126045,0.2632038658595885,-0.000470650275727319,0.06435272994974098,0.4730873828971831,0.36159677391464756,0.48956854206581885,0.8567902705907146,-0.05009357676282422,0.8602669877637663,0.9728363595248181,0.6316086330300976,1.020767487415748,0.2848543089462106,0.2327985437539002,0.262891092425306,0.5349964716550512,0.24147495297170174,0.4908410337402277,0.7758228845900628,0.5033474415623826,0.2924746369870894,0.36942491087178914,3.3557253866610113,0.023310273709235652
0.19779970016092632,0.22043193895828017,0.5694893918902788,0.43851783530743227,0.09794994900595748,0.8631824018237703,0.8282121430566035,0.5454410370421052,-0.05547955123202606,0.18956964251093805,0.7507388085564941,0.44406009915908956,0.9106528888075097,0.3969071172991596,0.8165438558375163,0.3306405626456377,0.5606714262094841,0.3527894242037457,0.5809208437754304,0.4231893944622337,0.5915009745584946,0.5596090626839596,0.5665399628825047,0.3224099969290094,0.3621698738281515,0.6284205171744797,0.15345452390841594,0.03511130173804575,0.507234299032589,0.18828646524863074,2.9331538105319144,-0.0534013004506299
0.785561422430767,0.5555617091093157,0.07582056899450118,0.2692875135527946,0.33564114160027747,0.8121663890075489,0.6878279714487932,0.6461677512147649,0.5851774852050491,0.9896034600446357,0.055541570406847054,0.2598616334944242,0.939155508957537,-0.0125290391163047,0.7593864666681144,0.4282188671701451,0.7520923663894232,0.3596140457672723,0.5295585706583256,0.07826411356856097,0.3470640854740913,0.8607798875381788,0.795684060035682,0.20439454509597185,0.5464963386471974,0.37138112842675186,0.49631158732337066,0.4200878746691322,0.6396384268197007,0.24065112691200544,3.16226280158222,-0.000569766280783606
0.477155242621165,0.051008344883952575,0.9093792482920808,0.5555034955073755,0.25722749493829283,0.245358842843541,0.577534114478126,0.10468051228255673,0.8449319585158086,0.7050064208290238,0.1731148949749808,0.21022832965185148,0.46782119528240396,0.9431097976583814,0.9694162164968385,0.44490458889044043,0.7252946267524891,0.05384486891427636,0.45533933993893316,0.09668397526546524,0.7090710178945016,0.7442723759960365,0.17385454053366464,0.5790871676818886,0.4714259559381371,0.3949319514036726,0.8858723728705373,-0.008555644494634574,0.337620468082353,0.12246032450597125,3.5687207019717513,-0.10115430905394765
0.6351730452085159,0.4356212028312291,0.8721646013984824,0.014282619299316915,0.23891241445996061,0.8862440486479319,0.5737873458266279,0.16935176078468822,0.8496703500239754,0.8166656825869113,0.49112601792451643,0.052961340863712854,0.38128373425896506,0.718318942304261,0.12867604109051203,0.2915099838889327,0.22090599940847466,0.1754863729783548,0.8890002060209673,0.5558684687216814,0.503465302733344,1.0282540280281793,0.26631595215528814,1.0494256702770919,0.5018575705463626,0.8676885296253889,0.5113426394102623,0.9647206507327346,0.2036886583529576,0.4477605296994469,3.4268068953972213,0.08957677099290562
0.05963018960300227,0.5300618236263526,0.008720649444268041,0.839377940038206,0.2738374300333221,0.9672241791898675,1.1199563575507392,-0.04103397857668225,0.6875930644889482,0.666418611283883,0.06267222777433695,0.3215695773591596,0.019409758899083116,0.8207980067084911,0.8008428725683645,0.366326171426241,0.698446609928712,0.17228592724065245,0.605895160177678,1.047499211512416,1.220465558364856,0.8299786938545062,0.8762899917691251,0.4376319056547594,0.4401692120627212,0.17648666240738875,0.8150560812638878,0.8178001130464327,0.34755941097402565,0.8729759257415323,4.470450768676878,-0.209544028906322
0.006522986602274725,0.1393669122225946,0.058884225550673575,0.5689849453826766,0.10818686329986665,0.3040144640245759,0.8219174229434042,0.2146811388949459,0.5372281819258575,0.6164795233866189,0.671510449387314,0.8793631585401783,0.4298502812115406,0.16585526449290794,0.10470669431980904,0.7858229573408732,0.14690802830356234,0.5222913196802828,0.5649764504878466,0.09697717427759077,0.33038551035527075,0.6186675778865205,0.19267237081409497,0.7699127305333271,0.9497191298589799,0.6238420888373443,0.8461720844623299,-0.12274851167612981,0.019184531404157976,0.2130926327595976,3.0839724651743277,-0.1389892654420337
0.5681987225585636,0.4225197560075548,0.2632423257318977,0.6985927922259173,0.5195334437059502,0.30154171132348273,0.18810491006145297,0.2118214745043991,-0.02101354332501129,1.028534930065562,0.4162200401587951,0.691379147494999,0.6560154100551575,0.2756522522954717,0.6008338678814973,0.1405004734389592,0.6438337511287484,0.5156362563869301,0.7820485453566309,0.319263472057396,0.6743756885168835,0.15616552846913737,0.8894840878696304,0.2644536101396495,0.8023432444323099,0.6568166171172141,0.40675508147377876,0.9299568505228111,0.5831814106782597,0.9192927424273152,3.086938412182345,-0.1850147585150527
-0.012724068719865714,0.13380776244893192,1.1078789852686717,0.7484773244028666,0.44335420287058247,0.8423856150885899,0.5431398343491566,0.6238414309773473,0.4745224480681675,0.7800074368727765,0.7072664625646138,0.9077733390511042,0.12607685108892197,-0.05722711786568034,0.9208872366073237,0.8784672103088521,0.6565413157185946,0.293443890461372,0.29659623702213905,0.7045043292258582,0.7798140393608827,0.5728775895374699,0.7133483400029255,0.5913920035767217,0.7519059561831763,0.7672240290242243,0.030911032716446907,0.2957920947588716,0.6161016310741384,0.5516126094538025,3.419660492039288,-0.026608371510603725
0.4427240861992967,-0.016610709990915833,0.40632064274120283,0.5157185246961986,0.49063773978817493,0.18610534188124994,0.5889017577913543,0.7288033822385401,0.9460370150933749,0.12204647284955075,0.6705645073769988,0.30620870133353123,0.7527041173293904,1.0228328763116055,0.06872502204353957,0.2830792823222388,0.1930883017057685,0.09243072140245927,0.33057686391224955,0.8032593784962581,0.8515656279797592,0.5528453481338774,0.49358400729576246,0.6690529616543075,0.23618333895755605,0.9989718697997001,0.3216962890624948,0.535883931017751,0.2138516736954948,0.5017180007345428,3.3820339624773728,0.0806968052208831
0.3182127448745298,0.3970527946246126,0.7518622692159265,0.8007270707002246,0.23618322521162258,0.10750674446384599,0.21740487095819025,0.9038613833509928,0.10799224543444814,0.5931464812899878,0.4638144845924485,-0.045452008246494646,0.02538161963296074,0.4344624614579126,0.19399510621903698,0.497132029301859,0.29538323135699585,0.22232789694132588,0.5040036108521365,0.2401611167601538,0.11547680734400857,0.5125975398987939,0.43491337595084634,0.32901306608629527,0.8879253088723051,0.09505533819678141,0.2584303586674056,0.26656571750957,0.3674780200934475,0.7401675623746692,3.320649709904906,-0.10345203812897469
0.9504219396382898,0.4906407023307746,0.7346320142885416,1.0115153579335776,0.1976644081296643,0.7435887229049378,0.7954206848948863,1.0054072248417467,0.8325633537503349,0.2280468814432309,0.3961670315475291,0.6138276254104217,0.5354780405612198,0.9909649560247433,0.4339867734648215,0.9429254335751165,0.1294242072189247,0.7367121775412551,0.23027327893278463,0.06889332224852496,0.9788615731387842,0.7335015626930331,0.9023758860411557,-0.015610925528419112,0.5146938878458907,0.719436694608119,0.8086148494539703,0.10931161518266691,0.6243621645599333,0.12262810131039202,4.006569501673276,0.021709348479370946
0.4442094902791914,0.9300219243417989,0.1665671470302664,0.6540433111237218,0.4898762699425344,0.8354871864224505,1.0179117460015326,0.20257530536435145,0.8690827297502651,0.03780557102706591,0.8303376331083875,0.18324651289076754,0.558007667648215,1.1111442979418402,0.40239409554815775,0.3113822500960072,0.8567546979525559,0.4487421525402375,0.38258804763993753,0.7113206529748362,0.5502428712638462,0.8572936250262474,0.16175720496311763,0.02667528802399316,-0.11409804849182044,0.638245295899319,0.08511094328983736,0.3338373702845886,0.1616414133521455,0.8739740587863563,4.357859364991061,0.0628306761075403
0.579500425050762,0.2411868856891789,0.99462325287019,0.9581474916053305,0.475592585885936,0.1900821863474078,1.030131730999652,0.7252421346967081,-0.08748657392114363,0.6587235674103111,0.7224359030469876,0.2916246452620464,0.7541670705979467,0.029336021144215484,0.6792894936559408,0.44995559437499855,0.11759611827644055,0.9609135312789217,1.040303786612749,0.5352344512110009,0.15509831993862572,0.654843714550654,1.0139930756364124,0.008876587847428084,0.06836943483605736,0.6622486993530486,0.8904722523565695,0.9758117254930424,0.35664969405288166,0.4377816760944851,4.29789677234261,-0.07890663623691718
0.18972711922393534,0.9897066805955689,0.8042245288644019,0.2204245469730634,0.22087800170440838,0.24428494487337604,0.14181327006067104,0.4758375618334425,0.613568018130782,0.13609928833843218,0.16633698321653104,0.6634903706502374,0.013062718218581758,0.7285604917825378,0.7336017582843769,0.5835576959913973,0.08929897194104977,0.10161132650414517,0.31647008620059003,0.7434545187203492,0.7941932052365285,0.31673954686794636,0.07390079635687785,0.872066669244654,0.17277524988400517,0.8972710897294395,0.9472780886999865,0.11892617287484408,0.7383025181252867,0.7981057966974094,3.247988584576535,-0.081185917443259
-0.0666082723434085,0.2574540498836375,0.4611513854304697,0.18428363770284015,1.0884756675649419,0.2159584830525341,0.3552151324487798,0.1294438396715367,0.6341134265029789,0.7285284978060074,0.4972167515455011,0.7919015609511453,0.9184115305101113,0.514468513710594,0.8708884890114851,0.9266560426983791,0.8747521906437545,0.6875634297663558,0.3435252582123466,0.1329346645613576,0.688431016111151,0.13144974010003962,0.7346650448751253,0.8498906609618354,0.9189840500003077,0.3680786338923122,0.8481733178346982,0.3175368474293621,0.33430828099194604,0.7688841670549679,3.4814253040286904,-0.01686924757812889
0.7131376038033282,0.6506822264275891,0.7813680106516987,0.8981714225151364,0.6215114632024363,0.6094235836437227,1.0438895944901474,0.29551205334672176,0.6219369998212274,0.9823526251578311,0.04628493813195417,0.4065786091907766,0.584819720867292,0.8333409948257571,0.8397954672890838,0.593345499827196,0.3681128839853371,0.8832204278276604,0.6902153137178808,0.7836620979743127,0.21875523087387666,0.5948591498671079,1.189670007479068,-0.0882293788017376,0.0964466789641778,0.6063615294167141,0.5707488491191566,0.633777258204168,-0.01830599959205153,0.3828749655409163,3.2304719494120966,0.127147362716357
0.10636842073843521,0.86370135730126,0.10094389608286922,0.2702194933529138,0.8504559012329146,0.2632326932756111,0.4067174722322464,0.7811138811200931,0.5633489954628373,1.0733190882407273,0.008361996801638046,0.5489450484457772,0.4068257158766396,0.5708572765523554,0.459112467083688,0.06066845124796612,0.5757834275715668,0.13359203303784692,0.9160720120312185,0.22043808428128026,0.5441730990581357,0.8972817245423936,0.07022636457243625,0.31038410332432453,0.3582167867807592,0.4022175878822915,0.5435515514635745,0.29223040681260604,0.036236390080023134,0.030058181628727226,3.520155261281068,-0.06789554401636858
0.060841603668096614,0.1291866781110948,0.4055822677868235,0.5978072248440321,0.6688086509883466,0.5981917913109379,0.7976171344866132,0.39778388949424204,0.027292022269790217,0.6731993161047365,0.10850848520159247,0.04364035677431245,0.6794592286050767,0.42177469425897485,0.9668626517270051,1.0098054849366624,0.7552763722507853,0.07185148640042655,0.15078793288953887,0.6090356220110482,0.7233960801068295,0.6793935185901239,0.1384952639510659,0.2476582795824627,0.1092837871617115,0.7287422959093499,0.24723156046916642,0.14155595143531471,0.7455099158994425,0.6864672344221133,3.1589460106976865,-0.0226828319625627
0.4384914790932901,0.04606174827897577,0.31270173604746837,0.6242182184201097,0.3666459864657293,0.7630242720848184,-0.07303524507859435,0.7568056484193205,0.6720409953619156,0.1991642673089724,1.1736803295349505,0.48063578401847257,0.4755518664500954,0.47116617936822525,0.460725215337418,0.1031627204603651,0.24483612792908907,0.8616521176831797,0.610983524417442,0.033792615838048344,0.6730708553180808,0.6438153267084528,0.8684606164029511,0.25949515015973296,0.9253820816116998,0.22429793893650551,0.2590542070280606,0.5120725187997016,0.532085215329703,-0.04759832612183656,3.4616496324265804,-0.08982303027059182
0.838764512784361,0.8821864146821788,0.6720091037613879,0.31667566581195483,0.06331187909414845,0.9460394748137321,0.3052429428878742,0.21262784472543653,0.850506309278073,0.5604905766619043,0.4295231668041656,0.6562011641609481,0.41605237320010086,0.49059884646902496,0.5803420729575972,0.8473369523487827,0.5411614455496606,0.2207296713488898,0.12743914289649505,0.8043982359811173,0.31440435829874347,0.7820389050999216,0.8773044700883486,0.15041906380041048,0.7960190173765277,0.8335497826519478,0.42792983342839436,0.6770535523405783,0.5323189081685409,0.754932050544666,3.158410914652939,0.08447234422143957
0.11742904135752948,0.9276334781698723,0.707599117800523,0.6518324326022361,0.5620593414052444,0.16236050833609553,0.9416537459771075,0.6714641784347077,0.20390308713557556,0.4910732327177876,0.3400210660885792,0.42832706635978257,0.9983790608971438,0.8682497198870712,0.12417355786101344,0.65453826533953,0.5312421896511179,0.5853427521063999,0.8295442253239756,0.9964717658132451,0.3613232728058086,0.6948152511284559,0.6844657167591014,0.8110363672310702,0.3666835956643551,0.9627743453575791,0.47935512766439653,0.7267206768113768,0.5302249045979893,0.9570013580248428,3.3721046957729337,0.02273472801608889
0.9508831594261229,0.3580911080398421,0.2889525033010537,0.0072697327222365285,0.547831252063718,0.34548724601063496,0.18588534083018102,-0.0057414656525173885,0.6865352763356076,0.5357210741836625,0.65982935280322,0.5944982601761564,0.537314006191997,0.7503020348968146,0.5660687686521447,0.08355042388083171,0.1049034179851985,0.30178273324621957,0.19126054090771788,0.5025793904360294,0.06712782280726838,-0.1741484315107244,0.17347876591844005,0.7152050097098612,0.8724559108251265,0.47624148294471885,0.3605940514558952,0.2586183254324641,0.3644671532910495,0.5618038889124538,2.83252504489468,-0.054355322511384196
0.2234408744844261,0.7303146779245557,0.9836793112895592,0.29120436259065585,0.018308605450828776,0.26613566357444457,0.748725930220512,0.14131193740556727,0.1681555621386293,0.6655323200755563,0.7751051534370462,0.5810841327687023,0.07189924400332584,0.8706376232319154,0.3879997989177042,0.41756544103840576,-0.1475562538917087,0.6406023883268428,0.42018913764106947,0.6208235976461661,0.9247436149427934,0.5154479026175444,0.45945973999497763,0.6576607157693924,0.8713672350233256,0.0728189326182658,0.8443516254974174,0.15407766104162873,0.11036566057763579,0.15162893171877875,3.539410256038931,-0.08248368039627667
0.7893048953037696,0.3365587837802272,0.5140270263247618,-0.027955017249847985,0.7862613712650153,0.1088432726033286,0.6534264565769883,0.30302722584167824,0.8640062651455103,0.538246194568767,0.4787157763041615,0.21325131340399367,0.4011318828741637,0.37248509618885395,0.5972737313316565,0.7188312119744011,0.5294806081223278,0.5132459368832031,0.7391419433436013,0.5284344414900202,0.7846733199944272,-0.004304194947148704,0.29827220420036393,0.1726867907765549,0.26225497046781854,0.6903744206963607,1.042376617962204,0.2066468905669255,0.5773106467421989,0.9994673534019533,3.1316193217396644,-0.16839252707930663
0.1855244108150143,0.5169812921325068,0.11720680786714309,0.30263366092723654,0.6435802285281779,0.555337949407746,0.7411657488615867,0.953202931925714,0.5730402721020237,0.5812650568234518,-0.100371552869025,0.1650666255418907,0.8772292078713562,0.05433294827999405,0.2848298651896641,0.1306099719770774,0.33771640627209315,0.6469458183009333,0.635190303063475,0.7786891119620676,0.2663363069741626,0.6541300399083028,0.2910092730267123,-0.0018791983158246844,0.6242041567435695,0.5875757576935221,0.9534792888190974,0.20498458161073133,0.4359430320929983,0.9798880788813749,3.089558392197993,0.06622262221033205
0.6199926851378571,0.8539347028136035,0.17847217935633888,1.2076587664943803,0.6015571536296029,1.0881372244288943,0.6972823807850017,0.18733142614484924,0.7143854076210463,0.9647581792182215,0.19426957481990942,0.7345412952393856,0.9380481358799506,0.8817438591908063,0.599848358136513,0.7547579620695153,0.15114803447066338,0.753532307068079,0.14606077413959456,0.8986442976676567,0.026304955169814376,0.5860346804953348,-0.024824778731237,0.6579652825271325,0.6484702155049464,0.330845412809778,0.2996254103826863,0.8068367839310995,0.37559552552669107,0.5546921888812921,3.7190142626860623,-0.12021450486315165
0.46093019545677016,0.5271442549841674,0.7681284680580514,0.509372593082147,0.22784451906082803,0.9215507823822611,0.4740610294852348,-0.11203946364352095,0.46721896724675704,0.44139574001222537,0.6851835074313303,-0.06174997734719523,0.6083101444075322,0.2600836873534973,1.135215140250244,1.039988555393744,1.1264241718397983,0.49853354106844017,1.082936290480356,0.17046007584269102,0.26881751005537213,-0.04599661664976899,0.6514796590502636,0.749646678093752,-0.09395064547215026,0.5767247583662128,0.3861676383559743,0.08344926513567849,0.1201835545112593,0.20738419256014606,3.947281983629195,0.04376296351408624
0.07396812653337118,-0.07995020916342775,0.8877595938768394,0.06847919185609927,-0.04079808348388717,0.17303090387313189,0.1620430000901519,0.06304468885201449,0.6876432591401951,0.2657175332390912,0.14308741817793225,0.08781218429821724,0.5937650161229349,0.5851571048200317,0.32833983861132854,0.2508865553367551,0.5163105163740723,0.4190365485594212,0.5516351739384981,0.8638555898977013,0.2348061765898968,0.060110858244057985,0.6710953373745622,0.3117500179278676,0.7180673038569025,-0.024051844224899033,0.8601212731208504,0.15407502818680457,0.08983896940700191,0.9081997588978344,3.5648876893894044,0.06247398917779742
0.2610180390880808,0.44392235821129133,0.2996479438586308,0.08681318309249575,0.27728126326841185,0.7372533499916392,0.15895583839426164,0.797258166711724,1.0618245448400592,0.412178766506136,1.0377248594708814,0.8023528102997068,1.1112964683427302,0.044349755240835786,0.9484851879785626,-0.035920981393564984,0.6353353361010998,0.439591974527038,0.2314006243342381,0.16298266529194627,0.1274790955282284,0.9019480953363925,0.6494691371652356,0.5925968392015932,0.30346627684459315,0.6599780940690837,0.0015049170106389287,0.5319563247418878,0.17876572314476366,0.7628156962347774,3.878891591867509,-0.12698133574458323
0.3689827783888153,0.5835893661676905,0.2502865131039404,0.28036293320230404,0.9143561885661242,0.4373116556631079,0.5321057623771047,0.5918272801342481,0.5406705798654816,0.1447334230788889,0.6521272076396718,0.797466323547007,1.0242831656389362,0.7518456354418501,0.0024739528983354544,1.0750707776675514,0.05606707319821879,0.24309222437203926,0.9652074913496181,0.4790791126462796,0.3265089358550104,0.5747906731391818,0.42777738242148217,0.04482283447299569,0.5221289950080006,0.5162936513850109,0.45940252731436776,0.4241045772175142,0.8623000379861732,0.43705763515680857,3.240442303825312,-0.04088070602104373
0.5119822365275642,0.860316928682345,-0.03201422127492883,0.01460792179094341,0.7643439565024546,0.43578982047598774,0.7018104777094339,0.5372861319190765,0.26546750427387095,0.5802348681405287,0.754105366337506,0.5112729463726631,0.14099247397796333,0.03423145280822407,0.6865070843166904,1.0480158843314324,0.8879116808901814,0.6100996684214215,0.5927365900925958,0.9001547127133238,0.6953952352621656,1.0163619168078535,-0.0013031416165226323,1.1134534320157323,0.9354994441626049,0.3214027133636757,0.09680059408251726,0.44736741798955915,0.7026201468657791,0.4228308197935132,3.7097568436444575,0.041356546874115836
0.6658538923490493,0.7399719994707646,0.6843830850523784,0.14985671403512832,0.9458577109151944,0.8336472931080045,0.14234358035953393,0.7554551707647902,0.6317992753992551,1.1388286758986663,0.866121639123429,0.2614798719002496,0.7311386821311795,0.23108411581415825,0.2977573253484697,0.5445375627830671,-0.09176009167492957,0.36851077901867463,0.08290937879742188,0.4158276479880426,0.06080459017508391,0.6458397625030681,0.6932911197179722,0.47924579975485876,0.9133320022338276,-0.0431424200024514,0.3661549622621906,0.4548554132057739,0.07867935406622706,0.7447777370875015,3.176238959605417,0.10957344251048935
0.6666721192902424,0.3092095149657185,0.9795218383914003,0.20743865116036456,0.3317523419686109,0.6211120860789927,0.49501446591601606,0.136213371636375,0.07300906614828015,0.405250130538352,0.8128364872702603,0.2382117316510843,0.8264013466096038,0.5390889078610049,0.3166435777184703,-0.15083427377474368,0.6070997377929774,0.255697142116729,0.23079122709598246,0.3400721346972675,0.514204240056483,1.0812154807136167,1.0588294334883432,0.36525588681877275,0.4164139008090362,0.8922904722337412,0.8173310505479192,0.5725715658548703,0.15083367639954337,0.9095306913155585,3.8096670157568817,0.003984946718318757
0.47340401715095515,0.6606347212064639,-0.10518702009042276,0.678581207267042,0.03420708845599557,0.23802570174486493,0.563736053937154,0.5940119600286443,1.2043872463981546,0.19115547729637905,0.6578283354443132,0.7498646122952483,0.7794485743440644,0.6320736735420804,0.5159595412444355,0.9431629100466659,0.6781758181458126,0.4076862871180048,0.873623322619838,0.6000132612392884,0.907548310243197,0.42462274748441836,0.19666233020740803,0.8306595975776064,0.22583409619181244,0.5375635000050726,0.004113624952764031,0.8587377408793002,0.35834405120307605,0.22950323121067928,3.5756892997228156,-0.11692360507452566
0.5753867653755886,0.047993881884066725,0.34696410613154194,0.5881615115571179,0.44901075214282693,0.6978734458706897,0.253304587694361,0.9621379356208335,0.9305722236368003,0.538688915977858,0.7797474771269659,0.872344640412169,1.014018255874776,0.37449730982500407,0.5088104904362337,0.9002086811592255,0.6262163337175113,1.0339002147959495,0.7785159800740907,0.6851148858708582,0.008577677998730673,0.9482840175755209,0.9591710393478021,0.7362142825153797,0.027345042337606616,0.9883948161936353,-0.03513974650408126,0.43942355267817024,0.6267509051830706,0.09792625980906852,4.2973493100997935,-0.06725992686924054
0.17025563260206417,0.7273389511985345,0.24277694098357275,-0.04265849869562966,0.6398141940703445,0.2830216808465442,0.43722768621523744,0.3316634931137462,0.3383214211944264,0.27936566526012374,0.47777848244024596,0.3833124542866476,0.8283040884605852,0.6323818129909409,1.1208009517538526,0.6551450763357389,-0.05052575475321379,0.7276704684731762,0.4041853864415681,0.5670415261411721,0.28098437930117326,0.07430335692830037,0.3333053382278627,0.718061635921342,0.5283924988031029,0.03119974662808847,0.7576975943038793,0.15241490033593186,0.7212095614287662,0.7546330875354613,3.2581737222677605,0.03882090738774164
0.8549323496859361,0.6627857812218381,0.8934207983424559,0.21938173706582859,0.47115858349713147,0.5492144719678315,0.5903306213945149,0.48879199971086823,0.6847757064698264,0.11423761403202623,1.035324226145887,1.0561788675705466,0.43719453460785807,0.7349648296168741,0.8351372718397383,0.3795139773118534,0.7463582286196867,0.8533887868640412,0.7231566665476861,0.5234777130900939,0.7300288887079148,0.8306121170532462,0.7653033165441467,0.7112242492360668,0.6501895966613073,0.3964087144260842,0.8489362091539245,0.30042692904761265,0.09334008159148247,0.7170265932634637,2.9199056972560125,0.1240646276602933
0.4905547751524058,0.9392577317424646,0.5246776371243838,0.5441682554353675,0.8174873474528562,0.3325762709632599,0.2924941513535716,0.8256310435069907,0.1475081212507317,0.7336273671838556,0.4471003905178501,1.1211003339153192,0.10616734556015645,-0.028706168812649292,0.13621015150102367,0.030655333985294717,0.2709443010677974,0.7218705357304717,0.6897902608579862,0.7486736833895151,0.42218054428428253,-0.07445478951469078,0.1150735044370618,0.9147840788950452,0.7237172128488256,0.2894575714625329,0.22038964560280677,0.8033592949903855,0.7167440614843714,-0.004890521661683578,3.91704234907154,0.021110896426117447
0.982133272831468,0.2614881060472623,0.5235615444302384,0.6042129205461472,0.05788038187815715,0.9496501754119105,1.0721207824117014,0.707910011852455,0.38419761545525816,0.7362264857919237,0.24250486819824957,0.3679713403172185,0.1895077570494559,0.7787088194120355,0.19807206837280034,0.2845667013559263,0.0494220573985035,0.3395859194907441,0.32715792039613617,0.8515143753839701,0.530086632465354,0.1716033869774759,0.8137465532650038,0.6394696991413186,0.3214468869109764,0.7999922759708579,0.42299890527824013,0.23032760510363115,1.094028529664511,0.3099364097199463,2.8016251110990726,1.5480002947183475
0.1997942528832361,0.38238652250067384,0.7224027176367609,0.7491200612338659,0.08487988433889909,0.3565611162161783,0.6163759298367741,-0.05985090232508042,0.6559524249633542,0.18209925302999877,0.6820037489262822,0.033667544102964526,0.3423263213712916,0.6421405309241195,-0.07887802928434354,0.4554687555447891,0.3318915219350375,0.5365716207750426,0.8146531012012977,0.2038791748832144,0.4177256559467506,-0.035447578283802156,0.3740995778941799,0.25028164024095645,0.533533134890235,0.26027006983310913,0.44259279598904383,0.8645963592559776,0.7742005454664371,0.1819596053666887,3.685959011890956,-0.050794206904921584
0.8236277708820428,0.6842738656558848,0.1753750365006073,0.3103939673707814,0.18981062755726577,0.8578960400665119,0.09374816586612242,0.29793603068379626,0.8181177350392073,0.2783569149983699,0.8645425197649809,0.5207836162309937,0.3654657457148153,0.870993225620483,0.4940442241979207,0.26218715146273386,0.7798492082869545,0.2180266120105574,0.029024517659925125,0.09905253967674145,0.11738223746255727,0.8433581557759575,0.5280844378058087,0.35705971152855964,0.2893869455306399,0.979967302089172,0.1882812974722649,0.8417479278512316,0.6514928468639041,0.527989155484728,3.3458940488510636,1.022987987446258
0.41466886080779297,0.3870528626446313,0.061564382353359176,1.0380413263367607,0.43701762219840756,0.9276174265899991,0.46581682318919276,0.4449132154944785,0.466229187590885,0.9516365907779757,0.5590890340048845,0.3400044235974715,-0.08646673248182601,0.8971958502224855,0.5826171810416078,0.49847106105073613,0.9182785202284283,0.529710432409211,0.8694498323505151,0.6832254572703527,0.8605299490415727,0.496933167171747,0.8600121429655038,0.16382535138715362,0.712497649749872,0.44011456813107597,0.3651518444989812,0.3333181432717349,0.7006275810335718,0.20032996842097062,3.1790013995506055,0.00018355355741582122
0.3548437190750738,0.5269084055103167,0.6387317667348412,-0.01814990852984172,0.8203683446777423,0.8188271490977783,0.2916107810437071,0.8213372458919473,0.3542214759312319,0.5502033282932801,0.4574098949161145,0.41478012051926366,0.37691029940508064,0.600067654567715,-0.13041269002648678,0.6647148031605242,0.4144679912603648,0.2563735576389572,0.1959200141990738,0.8490267431322425,0.48454520511971405,0.2306188522002275,0.8219660173573259,0.47465435108428033,0.3370802395304804,0.2557069615788655,0.6700909213196472,0.3470285733239746,0.4550847318911607,0.45676328186169013,2.7492104598975007,-0.01290402515693527
0.8077396715114391,0.4735806588670098,0.1747499017930687,0.9022120169597554,0.500227638425984,0.34424869359076704,0.1809935464551454,0.8268316113497067,0.6847751615396369,0.6989623993185011,0.1320320195560105,0.4722027791144228,0.359337434442229,0.18981198351493037,0.38035801668751196,0.5911355125044703,0.05669348044484834,-0.0076514554148614106,0.34201054369424294,0.09508908061127548,0.6056255356022309,0.5899723206928915,0.1346109520189721,0.24307974514383718,0.8042653036892886,0.3165243595181848,1.1295108700822742,0.7077370147225999,0.8615380418730472,0.22454778924774274,3.2406036654285515,0.10679687059890672
0.8012649444606953,0.7099523628787756,0.6811931199159609,0.6717151735648039,0.2090330427067762,0.6945989583345202,-0.1617759208395755,0.5007618212803119,0.6772512541862566,0.8202184766377671,0.29933457869139934,0.6292381885651135,1.014567806418406,0.39808817465641194,0.6289125325588798,0.559484226920001,0.6797563848126663,0.56243817227721,0.4788811194024857,0.2554139424455101,0.5210004637648362,0.25099542959245935,0.14038946319092255,0.029083128569000638,0.3819039365858005,0.19439875350209632,0.3207615410792138,0.2161059562075292,0.21880926710907078,0.48052810609498836,2.9168041010117274,0.032851936958047896
1.1186805775342008,0.40567882272564026,0.1539199183100072,1.2364614661321007,0.305658720879771,0.6788683729143369,0.5568592140975451,0.5317047325588319,0.4043465206950158,0.7049502403166152,0.9702254294517291,0.1870474936661085,0.4125718337246279,0.8603551944369237,0.18013831156854093,0.08602209773450954,0.7936530396270564,0.8626327436498311,0.06646624624903938,-0.06405366941863913,0.3486397273807834,0.5106960124176083,0.18305309268373965,0.8833910357574737,0.8764714823218932,0.48402470897175126,1.0776956899989396,0.2086816070100349,0.4076967029917028,0.6021941853025413,3.526398339519308,0.10252379967715891
1.024726673900358,0.36800648529639207,0.8947057544568514,0.848329573589692,0.2692366924695163,0.5720217790183949,0.5579170243003484,0.735177115294892,0.2996990833607305,0.9310235402177764,0.6635755129102245,0.15836734966000082,0.7730982610334449,0.11953227556241994,0.41371754615830736,0.7081367602038934,0.013451861732556608,0.7488416969590459,0.12200529434608762,0.8120769205853373,0.565555634960833,0.22022264580787956,1.0639240545352109,0.7258335012982599,0.8504074279545456,0.6790459010384688,0.4185809511775802,0.41811527850835867,0.7697419439494685,0.09817945936734826,3.3580666046891987,-0.1033731223476229
1.0868737762595901,0.48013131461944847,0.7545895964363172,0.44149391800258775,0.608555484774351,0.7693240474552901,0.4861978322219962,0.2594906015782613,0.3085507121844344,0.05476020278504207,0.5269002508965875,0.07295761696273984,0.4233677201426401,0.43794554867528307,0.22379320030419847,0.4644617564964776,0.15403171325106962,0.24011977827277514,0.12512621492661843,0.8871924238941745,0.34095109980029814,0.7916177874249347,0.789990391760482,0.4589618133124228,0.7572229468587404,0.07970243126143205,0.6257307764553922,0.6927186808521844,0.2841659519217576,0.7704412660448966,2.756569501863533,1.3952337077596895
0.7031849768726025,0.6878070925637475,0.7484808848058431,0.22796059412498743,0.7249306733644125,0.3154187949226304,0.8313913073296298,0.4701152722187282,0.17708690694894097,0.012363589074848011,0.12133966880582386,0.12185999238934453,0.14734734364029667,0.6906703684825058,0.6639298891627654,0.09465820912731654,0.09322578559710848,0.40789455659820456,0.31216773013551563,0.4883475867020598,0.5966617901493638,0.21255568653079943,0.05439512462600156,0.4378798888936002,0.3773129311958885,0.9628781961835506,0.60319687223845,0.018338853851009945,0.3168394640973565,0.649703725120151,3.564029000614431,0.09456912366349114
0.6381760048546754,0.558397458885752,0.7691373428181323,0.3732663985174888,0.9140156302515747,-0.004445587366084261,0.6650282388752619,0.20277073463577808,0.4156949203043758,0.42620769945499193,1.046494481105593,0.0410029425837477,0.21796936091761274,0.13274609342880545,0.7942103912823948,1.044585187795112,0.7011808970838649,0.12144312561193985,0.95697430925888,0.007848282793661635,1.0643514650184767,-0.015312630877588489,0.2206402843269144,0.41909924434248463,0.2472370767034448,0.09916205380771793,0.43765256300818284,0.6443118593738453,0.13828147127171217,0.63074403323837,4.520078613047683,-0.08766874911176223
0.4086805865380758,0.6542877684520182,-0.02016374609657308,0.027137584809261497,0.8422272029047022,-0.08970871581908998,0.8023490091241442,0.7405390682412152,0.06014809084649097,0.7025447916911244,0.21485439646309018,0.31025948812732995,0.21299811702002008,0.43464745900342905,0.7706426920511806,0.09147860005963479,0.4309505159251794,0.3127054758295781,0.6382382172804073,-0.05240683595901633,0.6998643966727791,0.8691524882331754,0.7623127881377036,0.7651627894120164,0.7526026662354858,0.3280635652033923,-0.0274124007175727,0.6312612183945896,0.47516033048944173,0.6628767366783659,3.7809691500124356,0.06561816338101255
0.7156741002532949,0.7869434503639916,0.3869719095088386,0.8273725447727936,0.30789572010215227,0.16462678813190496,0.37081135458026615,0.4998300337604829,0.3889614932312703,0.8892417946448384,0.5355615527709643,0.374818989338654,0.23798692556890286,0.2799902909641129,0.9140483679042593,-0.0757301888675167,1.0629671444166924,0.4453887631595822,0.24988404291541313,0.6302116690865249,0.31269114834160894,0.3917783216155211,0.7677984609173412,0.8710093298040956,0.7496946929278759,1.1229901174288386,0.6631791970354537,0.9293325950217309,0.29582916827975947,-0.036883587195994834,3.3119648483018085,0.07703238295923859
0.8660563088024289,0.1779278768389826,0.48409167584783913,0.19274411153486518,0.07208517677440276,0.0668084382288662,0.8134999590600006,0.828784366736013,0.557385230430317,0.10190939671399454,0.8927956810911323,0.14534026878449352,0.8802110305687244,0.26388994772780483,0.025242066414050243,0.4331452061735446,0.38847414713780287,0.8475836671874228,0.6376054454057872,0.13776690586018536,1.0254328300523736,1.0452681200401022,0.2936328882192991,0.9596849656083039,0.48012652149827223,0.5275173862752504,0.24132088490668863,0.8772871885670942,0.2096605154381293,0.581494449771931,4.199174772774949,-0.16983159192518044
0.9055130373976429,0.30774793266659095,0.758561119541727,0.4926086616632386,0.7220138704733167,0.9274220397294617,0.4151455891509561,0.09088974859664208,0.29875782326016187,0.8945379391102474,0.6855306533914108,0.8965220610082231,0.5391932300429486,0.7883550444626384,0.9712411553126219,0.07322639396355657,0.271284035230397,0.16080673295924355,0.13693315551551838,0.2997741081032101,0.6999518729281502,0.13483495070278131,0.7180356625010058,0.6441348511503705,0.3568662693743723,0.24226329517019507,-0.09474681111774313,0.15075225999543013,0.5809450632090739,0.9855284071249819,3.817250711485496,-0.02915447265477607
0.8154816498692372,0.9373284914919158,0.9407414841213703,0.6142031781181081,-0.013812724324514879,0.0047213555048649936,0.5167667020077713,0.9959855162055804,-0.03152263331816414,0.7826290035985088,0.212339645167808,0.04003598542118807,0.19306117518086913,0.20438493234674932,0.514987531048791,0.7834236428469268,0.619949123161506,0.6621710390418932,0.6654166802621704,0.7014673673064954,0.49314748721118484,0.13726179572373476,0.18558328877707483,0.07188910989719609,0.5008065537868102,0.5439441558021225,0.7364247487352251,0.11580838126211176,0.7358247712230805,0.16945879522019175,3.561174302260147,0.10857827661548446
0.2002609742465139,1.0325058975858008,0.9181327871854413,0.18204745207002687,0.3140232514629326,0.48011388133787036,0.9685121193792546,0.126908467367327,0.9457831979851038,-0.053743196418357536,0.5673423502347864,0.6271912251616397,0.5359365432668224,0.6052631746627755,0.26542585680760494,0.3465784610424516,0.934873793747065,0.48305029315090964,0.2929113100524113,0.7037636384546342,0.46658350348571914,1.006282077379322,0.6972505615376624,0.16189822895988784,0.4310359554219951,0.504069842715484,0.15900075157369165,0.10916151138369101,0.4884265464203253,0.2761173744867077,2.855677080274046,-0.05280756525842084
0.5779086323667941,0.7915406785885083,0.5379054949836402,0.7384654132040407,0.8702015936073145,0.6120001909097219,0.586761034018362,0.14123471601443488,0.5516725042840592,1.0343258794521666,0.06229615516907064,0.5750976087717066,-0.030212346672953423,0.36125383185590565,0.8400182731665194,0.472169674089049,0.7784649453353256,-0.08108734480952585,0.37783235156568695,0.7270730655670451,0.5069759935063144,0.23650128728305042,0.5402848674857426,0.5190529887905836,0.37832367358428637,0.9479799721848152,-0.1919742092758749,0.6939840205463415,0.9756646608825672,-0.029709371901580295,3.7419798872959773,0.00862073751014997
0.6291920752603795,0.05936844549724815,0.7163401305064592,0.08139675234130225,0.20619312926728625,0.8107485597164301,0.826030498505634,0.885630151358776,1.0242383458846838,0.6807490362378636,0.08176317832575003,0.18044298577311757,0.05685509179062812,0.8346437687894657,0.5513127449241166,0.25221013985467217,0.4998602580879774,0.7805526628734327,0.5244084898931571,0.370121842042838,0.5417318850412505,0.6401001030825151,0.7952557428700231,0.7614097229993886,0.043729347136371145,0.13427850991199547,1.0422455205167567,0.2592032858721472,0.49885802457947176,0.2874502535361284,3.3365159865741254,-0.061607544199292624
0.6361437387364728,0.9292694450978893,-0.20631026994611343,0.6240317972137908,0.5930122540811302,0.7311971589493843,0.1526925841245174,1.0121860602061337,0.5730799757179954,0.35513285929183186,0.07991457124552193,0.8359448992634689,0.21835136878914663,0.9075212265964936,0.03681408376146775,0.7087649746190688,0.5340504408404422,0.7062052201051962,0.6057419380008531,0.916181516151891,0.7975570374834774,0.032520222207196484,0.4707733355289785,0.8326578127162371,0.5096197540782437,0.39201132045354325,0.5044732353401112,0.5541532628871069,0.3077543777345026,1.0278472203397004,3.1872263886783516,-0.05484556509849531
0.5792771848585682,0.42550981297687007,0.4587280841444982,-0.01097383535426101,0.017086945072724853,0.22326174829002732,1.0091728735903471,0.589704784153677,0.5457892930349377,1.0014397886821906,0.345029475573879,0.4403562767999624,1.071870540267641,0.5606965309580536,0.7389377409797044,0.21765067574167157,0.7734436146921821,0.8042585873810337,0.26908978740856115,0.6110119958487242,0.8201704485334357,0.5234285687665629,0.9253797432822954,0.3188877905933643,0.10052718742813896,0.8350976063481993,0.48459470078567507,0.6457929665079997,0.46818968911734105,0.04086070129792072,3.379573659558762,0.049998695435806345
0.2496046083684194,0.06234199278840292,0.43075171040847626,0.5941572139206457,0.4853333843589628,1.159300699802267,0.2754445758491392,0.8406263803904237,-0.11413464779519843,0.1479918861834041,0.4645259041833646,0.6361521381209545,0.23373726313109267,0.7842689407548653,0.9464854295469365,0.9437763188534933,0.005693076841642664,-0.08661696787059384,0.9790994828747676,1.0036786133436901,0.6522664204583677,0.9410021175156347,0.19418665424772077,0.29367926247147613,-0.012965271149639863,0.07337446747116413,0.9404917003771178,0.6139944175015988,0.527266831500103,-0.07377612267369088,4.231192004991262,-0.0026616702801659734
0.004623187132514445,0.5428779664972677,0.5118756423707274,0.5500213661733527,0.6120843734855601,0.7758552766343048,0.6408579631916914,0.12564801308417878,0.8606213156477257,0.382339593312449,0.0330452836117117,0.07685654890598019,0.7915188648895807,0.35836497919159915,0.13766324979117922,0.06827623121359047,0.5371070927254785,0.48582063430699796,0.4857126190088291,0.4465164042196874,0.9199073431326029,0.14711388669815662,0.6098656198062588,0.5947428257629431,0.23825418147747113,0.09067727842616133,0.15271775003783677,0.6891902299737592,0.1992269935331369,0.11371290456761438,3.2733072940527617,-0.13414997393086836
0.3931248810369213,0.8746373692755747,0.5128938512784826,0.591515453651075,0.44682011958762013,0.3840759061752886,0.39694247220221857,0.25621469620540105,0.4370626358359832,0.6227610977795429,0.22422815814020305,0.59021523848128,0.339877017495186,0.8070718716345447,1.053889394131953,0.4515779500774103,0.42920833005401815,0.029291554522136203,0.013935722419688424,0.18499491437034818,0.3803094262951903,0.2248596837637391,0.2586126281335766,0.20748532805551811,0.35413377223647946,0.5478062052010811,0.9779427786098442,0.347939496679453,0.21373809954815232,0.2467914283479769,3.0501036867746754,0.03287013545881751
0.6824147313943172,0.5396123033213187,0.15335516776015423,0.8692591581726608,0.3100555433373916,0.9816053815486185,0.8061100118380331,0.0274570485155372,0.3841690776769018,-0.033488413275507445,0.9482092715258464,1.0587835233329206,0.3954316927185416,0.28154338488570885,0.24694270160136841,0.7456452247263742,0.4772945683567511,0.8043697845211801,0.2478412522421698,0.01717859998790177,0.796825828580125,0.6785522312468306,0.8784442792628306,0.3799220269837619,0.3554937045718053,0.4386563414741756,0.24182555882344225,0.10677282278083434,0.40555966123349796,0.1723469930375009,3.42428619489226,-0.0020633258201447893
0.8353067497065516,0.24358434578567068,0.7842787291421901,0.2745079974125009,0.9459312780653167,0.2061323175535494,0.8387756803187681,0.42197417669360676,0.28108074735986094,-0.035624771234632396,0.07403625283434573,0.46521044789930166,0.6399812388202019,0.04768582634820295,0.3015152388955994,0.9745230887092867,0.47502366205528107,0.8811310629483727,0.6571383498281541,0.4762488214609206,0.33529129337673175,0.3128899094539019,0.9299777312405632,0.957404504543865,0.33217154600301346,0.33658374906819405,0.621143920756454,0.9242510165139011,0.27564621269359857,0.553984666054689,3.368423383862258,-0.1689876250581259
0.9493043822225593,0.5548076069646123,0.874541751781418,0.6349432520597345,0.7867816808655999,0.8881090503532751,0.46662828973562487,0.9918452616544384,0.20371330062467632,0.20585707028070138,0.1533251165324449,0.851030955731376,0.5526404652919681,-0.032754312253824476,0.2752050412285866,0.8498496462648137,0.32525512507538856,0.22914770110260585,0.555217309454035,-0.12051499218967314,0.7455123065952184,0.15585487497443756,-0.03022673454785671,0.48471721646290256,0.836124667799849,0.4928540677327189,0.8092651339242652,0.9498832094996554,1.0812464032252227,0.5333835790251498,3.5280893034345757,0.05467663263497281
0.51510908504393,0.3808643837742145,0.35218704912300053,0.84921571774887,0.8085579829650761,0.19800624304595252,0.16872499447945613,0.15324898096537085,0.10176872345120401,0.796442736451562,0.7001842474367589,0.5017537380392186,0.9558457525233294,0.27236841395491795,0.06633281662287245,0.6047615054234896,0.9351514792465283,0.9336695566648716,0.7326113945074547,0.6624624750845111,0.7100903577983655,-0.07494821716733145,-0.06947879111455585,0.28246129264574493,0.9114115946712449,0.7534426259454294,1.035068706035037,1.005630532519704,0.8234870379332492,0.5175403014623878,3.810327521910736,0.005991890800574806
0.24201265464407906,0.09625887606614328,0.5174412500165959,1.0457807675217143,0.08765679969889656,0.6213412120445863,0.46648869158339623,0.8376724598034754,0.32094470535756425,0.25638514754240865,0.791367903808579,0.4349548863810786,0.2907810582744454,0.4588651453043145,0.6699599332874108,0.6273120208989786,-0.007758224241985611,-0.04155999334142609,0.5164148773527226,0.22693394010805065,0.3783752125096632,0.6570064752264374,0.2218538206141643,0.8176786841153171,0.04472425666512378,0.20741083519087763,-0.1756749698773473,0.781925568785436,0.9527162872934197,0.8283662236570084,3.1311141692825877,0.0791129285022534
0.6661959397479129,1.0803274661883813,-0.006976145059556658,0.630100618477223,0.18055226485916556,0.6840937939942976,0.41759603668569284,0.6079828275427227,0.3236449120041569,0.5045784756675008,0.6425903019724838,0.43285036373148866,0.3892691741167412,0.10407862922081526,-0.0454718899561591,0.4165701391455482,0.6104712833614417,1.0017479734352517,0.6712502470379957,0.9135317336223968,0.26282289958498706,0.16392760821024113,0.23186706144512173,0.46238735122712993,0.44557435790831745,0.3898507020467094,1.0949156680647443,0.8441778704313518,0.4473208089970412,0.6409859696805681,3.288501642599254,0.02752677602406338
1.0076432125455055,0.8288059434802638,0.6852222642005501,0.6590554883743381,0.8660269356594885,0.9937496023658454,0.9973109426774116,0.8923137398736813,0.5293303803480058,0.5162325720131553,0.9592476422972636,0.8206224443020151,0.9167200385415996,1.063429004468384,0.4150368782571698,0.3877481957754448,0.3565986421745396,0.3669187272261006,0.5315523916306286,0.4144859505150436,0.8125414155520848,0.3456425428207394,0.36094166564519237,0.1875929554204634,0.4425196389383501,0.6524967040941103,0.12333531646738358,0.6758536140281878,0.125519371452959,0.42002215455996317,2.850572992829239,-0.14923893116186196
0.7953273692066153,0.5517183999970205,0.8601555082861045,0.6732738698779812,0.6675179531939972,0.2574429869175697,0.37410643651501674,1.122568157787355,0.6514195681884183,0.19743497797039505,0.8331721782584578,0.07774272549409592,0.08113434889658214,0.6231165479654567,0.6335936662265219,0.4992863558715494,0.30428659222932763,0.9413710442082359,0.6973958478483521,0.21604732189949033,0.3009346201057682,0.20690325356536246,0.6158536595454114,0.8053528224317605,0.07891225773460858,0.33455664368195914,0.017690720080297276,0.4150338581233623,0.8740442798332742,0.10310196144823391,3.587250713234948,0.13778385333061605
0.392837428229085,0.1638719340827745,0.6452982239848433,1.0464296934008903,0.9463208548923623,1.085668567136734,0.6801668702857347,0.8165529465858846,0.0134908371553355,0.556231743796643,0.8492548262689937,0.8234078134222166,0.3110117428335454,-0.06311044953527421,0.49673658793642145,0.4332911393055419,0.7671074633339243,0.9338831465120483,0.3251144042327268,0.5578372031783894,0.6701093783455554,0.5744873986130559,1.1109926491620281,0.4807052481193116,0.39427195092054473,0.2723918236820112,0.34796156006037837,0.3739665737417466,1.0986523325302406,0.24319932900704821,3.254792184087321,-0.101967942256738
0.33525200549832485,0.8764581811122807,0.0533209328759545,0.2989032198721172,0.0989486017134494,0.7451019892251755,0.11149255974761096,0.9550389390147884,0.5461681392051919,0.6442884314267685,0.4061132317600744,0.33212275820485027,1.1494407288583264,0.11058639072520202,0.8361116728426327,0.8765023612341775,0.4632751067061977,0.7423797595632526,-0.005041617433678168,0.13544974796692327,0.9194408829278506,0.5522956519113665,0.6270765531993637,0.25847307268058556,0.24286057989302515,0.5052811515652519,0.8211541762901695,0.220891960309625,0.5417002729703521,0.28650191824740223,3.286831336744449,0.07206144373946227
-0.12632366723641889,0.9572688679709777,0.01897369136780243,0.2391741564241417,0.20980402032078999,0.2476242102176327,0.20711486623879685,-0.11015271112484366,0.44101725291115784,-0.09196244419659043,0.5341687160610376,0.6365315445109181,0.7389478090308179,0.4809493360149845,-0.02463377096444403,0.6215059476569215,0.1156864797104663,0.24713081346630478,0.36077532102620924,0.2897639492089491,0.8767651102219202,0.7114712346326745,0.4537497407745448,0.845512348609429,0.888536069541165,0.6451674738488181,0.6407098837314089,0.5903631466537023,0.7517530249155678,0.2091152385484352,3.5665402339141563,-0.09670274437363473
0.2849818116467274,-0.10573985903062674,1.046630941844461,0.0749072058340497,0.7208248665263504,0.21585632509938774,0.31596728742298474,0.7818035829502424,0.5063427674776361,0.6553892823083941,0.5122637479127712,0.48949325040176334,1.1123205055582583,0.7985272891703539,0.5540065599081745,0.1318693730457849,-0.025987034951287735,0.7813397766295366,0.26093951604605187,0.4379079464824063,0.9150844974923704,0.07398212107381985,0.3251098282817791,0.9531000525055585,0.8622310921163205,0.7079892927310133,0.5152556047213435,0.5924041867872741,1.0433314333537353,0.4294570851412213,3.5883658120931847,0.2518503593516998
0.8427737924949679,0.8980156533199474,0.6320273717914383,0.9759173482447238,0.16647327804941087,0.3137890597300844,0.7444160032730114,0.2004102237046698,0.6400348568490697,0.7655991966745641,0.9124213893998705,0.497686612291528,0.5185260350220429,0.8925232307747977,0.4950921181589799,1.0167816637669453,0.2701129099510373,0.12309113793759222,0.4254746946693772,0.2396809793425899,0.7287812950045708,0.6502536164425912,0.6677289114594978,0.9654433082887555,0.4442132020697394,0.8193738891184436,0.5384060538385232,0.08033079266852755,0.1788616365460114,0.7041932219339977,3.3330417740858325,0.08030307406460224
0.897306378553275,0.6273455366159497,0.591124513343259,0.45024100572098374,0.6364573652720543,0.06180217867556136,0.5587027721043816,0.7205742966281076,0.47339854334021547,0.2230251786392275,0.3934032982801846,0.8699698978190384,0.39981797162740434,0.9340591772355858,0.7365811763700322,0.6011133224310249,0.4910100840589616,0.7676521462903197,0.22323317628391154,0.9398518763455208,0.5845892660340853,0.5501458366801487,0.0006072726928959549,0.9498785461481366,-0.018611079281029494,0.8890086791750971,0.1754738454138297,0.62654174965563,0.5332148059009325,0.3770091810638434,2.727612822094666,0.09453685190098629
0.8688398847498101,0.163352411261311,0.351340025103406,0.726763131647478,0.15516144441380375,0.49583881729741225,0.3964901723419446,0.7617732077054346,0.4755547878050931,0.15356319311377095,0.8014208785487831,0.9964972342910113,0.0838086222643909,0.8319001593312754,0.8392628895005125,0.5596164446299813,0.6399691486732816,0.16854355155376938,0.32958168617721445,0.7260867376942024,0.2888997254235652,0.55248795591879,0.5589257330590736,0.7746971349174182,0.8995719778337989,0.31481713287497304,0.6952715176579467,0.3792886257766892,0.6030363059520725,0.25628278953167255,2.920478573767169,0.04155518053801518
0.011305471740415698,0.4919153133433991,0.3186588910360737,0.23145601131766325,0.6781648611197748,0.7898990248005247,0.7548564482495479,0.5995195945193953,0.7557729635062954,0.2168752818383316,0.7762347360113525,0.33884325907346774,0.9217408896693494,0.1682333021248627,0.10844148582203725,1.0241491602953863,0.19045404823674916,0.43688580040484715,0.8456138449380097,0.8975014248030411,-0.04071297750043161,0.279973974273381,0.721384733869396,0.8562034157873087,0.8466945844298539,0.4391600684481768,0.557187276495383,0.05238760389610593,0.6484771141231644,0.4153151029391458,3.7999111753433263,0.06716179920567751
0.016283132072831896,0.5783602348390027,0.19625748165507256,0.20185686499891586,0.359412505744766,0.7560358362363856,0.8162825395588758,0.09507181491385405,-0.01580328630037571,1.0617623646094103,0.5558640457078764,0.5379465973169021,0.5898856980504655,0.29046850619682935,0.14777955368913384,0.5713412774853602,0.22465444766432477,0.6611344408220797,0.38618617088749807,0.7333398350364541,0.13263755231695876,1.0731010982167095,0.46887734547214677,0.1467265934990437,0.48193411280886655,0.7501924548631345,0.16595466001386144,0.5323376964466584,0.8398341773489966,0.9326936136715127,3.1399045425972516,-0.022130066973839034
0.741647800673374,0.6478230098552709,0.12490443957238029,0.07430342198250992,0.6746569141213756,0.12075081670918622,0.7711119739006448,0.6255533770494203,1.012721894028343,1.0661145277877058,0.8232266843226473,0.6250138753306484,0.98845513150363,0.8668118891715504,-0.117297449979091,0.5925008793835155,0.6636010411885891,0.9350668100812269,0.7865575189916114,0.4639013971386593,0.803582895826093,0.5965618858987455,0.8561698968594754,-0.06348303569324183,0.2909919626380758,0.7419451334489372,0.19912227313312642,0.2779430709184084,0.36609803827052406,0.786433370699489,3.3447973701826883,0.024157074259264725
0.08739803010720736,0.03705331599021544,0.554425183893763,0.4841674841273142,0.5376138677546103,0.3055329202874748,0.818476481451749,0.8020157242516261,0.45209510676970865,0.33272790753589465,0.7393941099259789,0.22036773347610725,0.1255147049638472,0.7606473686759834,0.007168738767716967,1.0432561411317254,0.26123525382655227,0.4571298241620874,0.41682111891865836,0.1087153167998967,0.35439828777341126,0.6650910547791393,0.494165415459352,0.9262554739134056,0.32307472842110957,0.5173079338730648,0.2440232353327869,0.5226611734766232,0.12553180265442668,0.42576572119531186,2.8434341924494837,0.09221349117074093
0.4621008550727702,0.4791943140855295,0.9446275929688609,0.5071582160359639,0.6776677252526094,0.6472312242518493,0.8454928739683898,0.9973972424918109,0.9730347392954364,0.7630352155956552,0.4908783638645102,1.0783815054359882,0.6572565546656842,0.016426705955493837,0.50582072461004,0.20043829443216116,0.9763250003180125,0.8275498184238745,0.4455524040143962,0.3977869573703585,0.46685677127408876,0.5799454565602744,0.16470197511956647,0.07012874331458736,0.2247318255165619,0.1637568377672295,0.4333589028250614,0.5306167806596256,0.6951187938634108,0.5720956457681172,3.061978738475148,0.026088265587816017
0.12226438960149902,0.6167265211737794,0.23554124908426285,0.7826576611779442,0.513242295060814,0.4900154305384492,0.15081078011202184,0.283481661457902,0.8227344894357903,0.48543039901354523,0.8663923317681148,0.6132239658990245,0.4941524068824779,0.029988436561999204,0.33895326118892277,0.34976245711248144,0.2603037470162819,0.8182014824113373,0.09122338668413538,0.3465762697315724,0.2417937419984774,0.7159314679547476,0.4754237779684331,1.0654071705854138,0.12885958388987362,0.23961766311561614,0.20961878925188804,0.8153044760779105,0.6238837270199593,0.7775883692188972,2.92776762662996,0.11366794797444768
0.8323894949054188,0.6710397905887273,0.7941583154729059,0.8935742167400673,1.0082522914338987,0.038544443456001075,1.1034169286008806,0.07886825024787242,0.9930650344316934,-0.06355240198157922,0.3210407379098471,0.7470378767523569,0.0346109951573402,0.7201768067768822,0.608478307556882,0.6805601931781229,0.19461869546848937,0.13142678936689633,1.155032617065031,0.16227408082718967,0.50681680406224,0.36749273291615936,0.9571675070203871,0.7700684716433578,-0.024912586937963666,0.31309688426818694,0.6258309161056939,0.8369835848781308,0.36799911236290805,1.0862888733589364,4.240710900961249,0.08225696572168445
0.9687646036649695,0.8451665555740384,-0.07612161130485076,0.5748868954647257,0.4839050777027088,0.2231379571958978,0.7296349520908246,0.8441912839562801,0.2025095721164223,0.47561097801526736,0.12029070684288036,1.1129566636278256,0.25675848526622524,0.26253718169309154,0.28135996829888216,0.2753384064812111,0.4658806718359273,0.07746420993785588,0.2809878722938498,0.10220618683578661,0.013026291346510146,0.36866283537356503,0.7188937135398713,-0.07123223478148995,0.8443040496154863,0.035653098287121196,0.15572758003711729,0.22121972680495672,0.35665667395153117,0.44250077339242505,3.194411517099507,0.0977268161195518
0.6345318108397514,0.8637502284339267,0.8807683579224327,0.4703789412951548,0.5528082156597806,0.6139723654698107,0.8527419417112401,0.9365316305968346,0.457397447443211,0.6628305251124685,0.9100895805861701,0.4974206127753965,0.9709432071018556,0.9152274491597505,0.39761983742149837,0.43462626779186747,0.2536230653212997,0.7523150077238684,0.6562733905266941,0.46267315899166495,0.9790514289873518,0.2641704700107104,0.2539146624066781,0.18933813967247579,0.21180807171023777,0.5087860186189671,0.5139713239391145,0.680286968498484,0.22677561350040035,0.44469044092318033,2.9986317377666705,-0.08514584992221462
0.06902346576937557,0.35605888914743444,0.7811306613278421,0.9772490094057538,0.6212693854202274,0.49627321710334554,0.4699944377045988,0.8164851739226375,0.401830582987884,0.09752190064351095,0.06052962709011031,0.5002928505836572,0.37724138368935994,0.48153124622460847,0.3001823436577937,0.18077718796753214,0.735601120985558,1.1129086518457858,0.35253011940838486,0.9127818249120911,0.4194444915560777,0.7548499263441512,1.0156490477153628,0.5369148190574027,0.5188401519573903,0.11764077515086846,0.6453446974083652,0.3409206264493546,0.300018469942616,0.8675330915482676,3.1997167298638423,-0.0690651062759408
0.8894588946591867,0.24119787097923243,0.8778063918260662,1.0298273369297108,0.9200727890343814,0.9694864053786466,0.5621595182136977,0.44140477922864585,0.2824139950259829,0.34953965139925436,0.8436609167143496,0.19500846449035408,0.29169568124743483,0.18867850930935123,0.4261907040072771,0.8609517873302127,0.7147031735888216,0.8128779774294365,0.736941196291853,0.20685809192811938,0.277997016578369,0.6406269751924117,0.2437959678586288,0.7412781788003598,0.8146117643751596,0.5538580905842095,0.5257580103060067,0.573086344068086,0.42452321027557766,1.022320394364603,3.653634890601163,-0.024112577935207852
0.15632591677992352,0.17602596091824224,0.3135844713689345,0.9207682478627119,0.5618284899950847,0.13345499506803676,0.31515364162393167,0.7285865199695547,0.6685128671043135,0.012880193752955196,0.5361988288745145,1.1351418974702732,1.0089365425583052,0.5307923795071678,0.44054686554382616,0.07502845785923895,0.9880867843977551,0.7351454471370048,0.8834620579563983,0.5286701190094686,0.4031432267613639,0.014609574958983074,0.4404977361804817,0.25180252465297015,0.32935498111324957,0.6428384124976441,0.2674196074398687,1.0320981574650037,0.764886152842245,-0.07101460984460391,3.7914508625418217,-0.18099962375791404
0.6260165114385802,1.2461540053565685,0.13807701224058416,0.2779906641632369,0.7256590985064295,0.1460114402179123,0.043882760151472716,0.8297349120776312,0.09522733131443632,0.27373314823038863,0.21271252858650552,0.5574710899032375,0.7341373014231539,0.3880174976763074,0.35795128314364566,0.9266401726539206,0.22733506906177847,0.5477909275364712,0.7854439061815717,0.5590480030551878,0.34209672553823417,0.8925062749500499,0.6563044360412114,0.3310847820407388,0.9806762358556358,0.10704934058971136,0.46111468821308566,0.03365284253593809,0.5092241382544598,0.2040286526971884,3.8281524581232986,-0.15761198732069473
0.7047606607313078,0.9770850376238588,0.2596661398571837,-0.12230721156705616,1.096376659688128,0.8210305810031504,0.8948534757394292,0.5915223274094076,1.0869601847782735,0.08805642071949651,1.120500986680894,0.6473706713976619,0.6409895067617961,0.3099477516135073,0.3368192880252509,0.14978459007078354,0.05499408082120906,0.5070144457226172,0.013009574374568414,0.5868275903665752,0.18557616669830884,-0.021979905669678224,0.9638487010093196,0.9198154675036049,0.3690453300763346,0.943994331483513,0.5309627716420613,0.4562065558626843,0.6478488241342915,0.508844062103117,3.820728851026263,0.15194313246592975
0.11107099256506531,0.08058847663404385,0.6833540368574479,-0.001620107876450106,0.8499643714576174,0.9405880012480854,0.8570473125781157,-0.1818181918018696,0.4888123082795763,0.883079298736329,0.4398201527390464,0.2239036144373302,0.9092463526116024,0.42493202012060977,0.1381934877787589,0.4463422860927518,0.8773218376540787,0.3328181664596384,0.08370080008052175,0.8063940450360655,0.1483243291650379,0.3762355825007837,0.04110962895814574,0.49046790668993345,0.8388479042644561,0.6117703030001796,-0.0427561467019017,0.8130115828232913,0.8330875092240442,0.4030694747262712,4.459646556822657,0.0842314900388546
0.37365441222098217,0.23728308781726576,0.5961934208799212,0.5790377266352431,0.48765936411928307,0.62238091979986,-0.07115004921043543,0.17434514943592097,0.1523254608708901,0.28022742639363185,0.8091067482287605,0.2893534070588198,0.13187886871226928,0.4580313703287062,0.6028044722359542,0.2288545769854357,0.6075461593064916,0.164740588649272,0.06909775056092923,0.6675036987014062,0.2948874210188755,-0.04960568902801914,-0.007290468393593819,1.1404205213206373,0.5123228530770945,0.11059455472755461,0.7739938697005345,0.15452989050109672,0.7742020259235891,0.6542767643973109,3.422707527750134,0.06573857512380908
0.7298260526261655,0.5804614908282767,0.28411711424399994,0.41138013813518115,0.5944133692233708,0.7077414988896643,0.09233470839595177,0.20262243082004908,0.5022761246736441,0.38742587342174456,0.08735660773151444,0.616755261088656,0.18925015068435688,0.7550736511014616,0.6710328824749104,0.9911854480354577,0.0903877219851581,0.28682605436072084,0.0040415895714114025,0.22320278364373897,0.14530220873259497,0.4481861148342758,0.3316615317887053,0.6339798027446168,0.49499530691463567,0.10838856047828646,0.6700072616438909,0.5738476005099645,0.7219221248783232,0.6651505158774714,3.297999857823532,0.07013757133734672
0.7642427482305851,-0.058699441739691695,0.3329292875522495,0.08718987549402211,0.6448133259814393,-0.036734865496372865,0.5621004720512707,0.89525637995763,0.25310535502555664,0.41989466356088456,0.7857704881182177,0.44145825412065376,0.2542711929818456,0.6459004899026096,0.7894664622920665,0.28118376642285453,0.2293055998340993,0.5900002245513096,0.8458922327674036,0.44659166964266284,0.5514664030698143,0.47328236587160943,0.39507396828667046,0.34219357641442505,0.5732264360891808,0.5764632015177708,0.16825651088775964,0.8685470756331851,0.20250296103280632,0.9486323054592476,3.250902973031159,-0.01231056857457421
0.5455486745500756,0.5993808931406406,0.40376290363140366,0.34263699607904585,0.9993648731208561,0.47935776985102585,0.5920815702871978,0.038510074733927785,0.5748449507520474,0.26261020387043094,0.6833468846830032,0.6868082179324793,0.3311352258954533,0.9551943863095308,0.12819807443642414,0.9117884438484587,0.02606673398880277,0.2680907415336775,0.9875025646518856,0.6577669843873635,0.23246827484042776,0.5776116467093307,0.545806477055803,0.17278209207236528,0.19525939691510646,0.6451044142869066,0.6314375513927555,-0.05790375549766494,0.7208651530005556,0.8175359971412173,3.159289414369934,-0.0020988240691016233
0.3621176544184407,0.5171734454839189,0.46474269975985694,0.19557808563945062,0.4628907682965351,0.834617435285332,0.872226843930853,0.994987796834868,0.9000092978898834,0.1864276770092173,0.4280560049704982,0.07547588505320049,0.17390119649274602,0.24427626109571507,0.6795981938566951,0.45379547208323234,0.2667984982363861,0.2048111009178626,0.6855240011710382,0.2583096349074271,0.03593889258889568,1.0345438818331152,0.660260769120423,0.6631120925730682,1.0020255270791072,0.4231307047979427,0.26997323946073903,0.02708123362460453,0.5859958109610477,0.5399945666382573,3.6068376811136464,0.014922877708082564
-0.14156699905298428,0.4148544764110226,0.04398063619517273,0.6059427674821712,0.42748114544118504,0.4908490104822325,0.1458974355964112,0.14330919992020086,0.5481723338079376,0.9232314427133668,0.2848896957360326,0.1262761347447341,0.2806440728180296,0.513589435385691,0.6118718289078219,0.4140004508282957,0.5288017065801701,0.9378504325782745,0.363340407264937,0.6493154501993419,0.9058371247372821,0.5559823800063729,1.012207004703148,0.62661374798271,0.998332823105942,0.1580868366434781,0.27417416925594384,0.20944494645260803,0.49177800875032524,1.024793145707733,3.2413316542499055,0.030450774458926785
0.43539492587455875,0.7749020619410092,0.8064734198321387,0.7529738228198177,0.8817959787619902,0.5711718342581442,0.8838105153057803,0.9975206045162581,0.7090883552066105,0.4511259743122066,0.4595888065129014,0.4558147470822173,0.2875867050076819,0.059228548802185324,0.11650134160244086,0.19137485797447362,0.8458413876337754,0.7019480897017798,0.2578550611332113,0.18565218195754676,0.5032831095389902,0.2655102909796023,0.7985371361125334,0.07716622212576707,0.7494378156476976,0.6173422479019165,0.4101790678424725,0.6064709497648905,0.41007574520211654,0.7514830185746735,3.318638559612934,-0.09220587597463192
-0.0875035298042117,-0.020964208497197143,0.3561556208560975,0.831962230667531,0.4757793530876658,0.023727973918110434,0.8762188934050865,0.6496025857903632,0.9901855628098767,0.8389043755567608,0.9564782185483389,0.6518442665837151,0.24458252545998704,0.39657833280244703,0.4400868437277779,0.12698650683334484,0.5830883029865581,0.6729520909925502,0.21836615256372474,0.6537746937368585,0.28434569398363624,0.3587457901914073,0.7402851646247928,0.04513907349007472,-0.010731894544013992,0.005344176647909753,0.8788324432232852,0.7736756953343937,0.6728280166270423,0.6808811276639605,3.490140535404017,-0.0859808929608426
0.7857557444500658,0.2590423388013495,0.18528984387036396,0.6270419842962026,0.2117775494990161,0.7208102345571359,0.9026243794182318,0.5704992712228525,0.5673459992952724,0.6357733146868497,0.7637930519701202,0.7298805698482972,0.4194466874708205,0.7288150960314372,0.3913779610972965,0.227674308397259,0.8034738438977601,1.1148969771793036,0.32237695355989454,0.6297781755573352,0.7795676298674961,0.0612227370581652,0.5621067552275512,0.05882169742267715,0.9237800416267926,0.11615251844629036,0.47187225963545143,0.7111724121392929,0.27564977126836504,0.3649420074266322,3.1370331513528007,0.020001034169875392
0.14006890019317864,0.8265799040288575,0.7877655540472555,0.5943718267561515,0.6846614598900007,0.7378053734462513,0.4846184097651063,0.5657978161155803,0.38420981056919123,0.5653068440458273,-0.01112888720213795,0.6319574706992398,0.7677448830619011,0.7690946669988448,0.6052606423600386,0.33793529830296876,0.7340559053330079,0.18675821725391195,0.08828936354398065,0.6403916821073146,0.7887359403610924,0.8226858580714002,0.7812979239512234,0.6750739008168141,0.3433171210256089,0.3355888896237052,0.6327540278072253,0.267031798650168,0.9182554233758153,0.3749678085436244,2.669189465892219,0.10737837513413072
-0.12142022959357969,0.21557043106518803,0.3687364686689649,0.5511637061497969,-0.005506697724277282,0.059732531116055476,0.5235361576696054,0.38243683914731663,0.9853344788383309,1.0129725787423824,0.35233923130245165,0.24629704991791068,0.4762551513293566,0.5502896047168122,0.8958555897282584,0.4509662044382176,1.0316785545651193,1.037567047931726,-0.03951615120836046,0.8409352545880647,0.6649020018969793,0.851647237583821,0.1735280261697705,1.0827449512061493,0.27655498837753906,0.9452136002916007,0.4893594397371408,0.0015758038729781557,0.4542299679229452,0.5534536112154811,3.8636436546813915,0.04279504044815748
0.6380099914188556,1.0144848250258474,0.8584720022904182,0.5008274028207713,0.2861793204671167,0.5744835890152412,0.09136663152572339,0.7548896707756907,0.6938014098980998,0.45990547322456776,1.1518129358789115,0.6701434206146465,0.6363370646903604,0.7560194289363381,0.18809613080546417,0.813860721840066,0.7647907920387401,0.28635525502084663,0.8712876633222341,0.7845542235458796,0.9761301154740509,0.745403130855157,0.6502432488166714,0.8440938178039321,0.38035430323516173,0.5869288410711575,0.17435336095764678,1.022251042760085,0.1916120886582129,0.8718353375075056,3.3828884822400265,-0.0876244412119001
0.5522671970331529,1.0098153447132192,0.3072933132664778,0.2584772224216958,0.16677060299009966,0.8480193520139971,1.0356337972916827,0.6794537873856955,0.05592405244410395,0.2124778507690538,0.39066252306045063,0.737353213543742,0.6894343384211701,0.8900745925595994,0.6794931540680816,0.597183148859807,0.5972464810901201,0.5787142699672447,0.8433138404689988,0.09276168959959835,0.4674750408878629,0.7006457588083542,0.2718715498562565,0.7648809728811456,0.8999970514500018,0.19213353727752197,0.5485879730715378,0.6973715981089267,0.39752023577926554,0.3358304072745312,3.0336007281168214,-0.16219545147970837
0.7651714890235362,0.9191140644230688,0.22311223320973914,0.029555719466941882,0.6752293277209617,-0.023071826811868805,0.9196386012209561,0.9616007193750177,0.130563689975206,0.27154027635872907,0.18778364457879354,0.07515431384520282,0.7721715367773724,0.21806379586989416,0.2732159728901608,0.12255758206633717,0.7636344353535102,0.8007051665914648,0.3153124696887777,0.7565174372964963,0.4492940194079358,0.6836273295883979,0.28269982370568536,0.8174407624975737,0.8814568339224116,0.2993543236556665,0.6966690782790835,0.43625002116547495,0.6388409836082819,-0.05115969065747569,4.2923916117657885,0.23342265922493233
0.18489174071478182,0.1904838611361363,0.5177228490359662,1.017737334288672,0.5776150966276254,0.2098490645049171,0.6004931915999799,0.5845497563682029,0.09316385645055145,0.8453990939781194,0.11974299474414715,0.6621011329797629,0.6046650901655036,0.9635059731230698,0.752009400363986,0.49809179633855455,0.5195732977465467,0.3966486211895687,0.7588863419527299,0.118583059273699,0.9822656980108032,0.15876002371687487,0.27979774726855683,1.065421429657952,0.8824417788199698,0.6352698407749452,0.1871562259626096,0.2566458649637337,0.8142859171361949,0.6767165033627194,3.284514509085831,0.06222133154903547
0.7325351208920144,0.0425423427832462,0.6640998101510143,0.22532075646759642,0.74786974710428,1.0226556809762515,0.469926287105814,0.03092174716748794,0.33127472518885337,0.7249361517434614,0.5722537641803641,0.9129749105692352,0.7299654937618691,0.29037007099114887,0.036820053985687676,-0.09057459498847878,0.543287044546247,-0.24967461809091163,0.9470238140590013,0.860887398683323,0.29546012842862385,0.45326450630696213,0.60679498269523,0.4620335184321437,0.6678207790018811,0.8168948572234281,0.29298130171185277,0.9511768910552807,0.5817240023124587,0.43925363743335744,3.556775150973931,-0.007508548268693781
0.6101344219914626,0.2989847687796429,0.46481027884721254,0.6446462062102792,1.039875739017972,0.29999230157052564,0.8311470707784627,0.22145441712474376,0.39420146198819184,0.024489133083957726,0.4619516113051382,0.2089349893165681,0.19104882235066808,0.11169987824035861,0.14276180615255663,0.19784985707105118,0.5600353515549197,0.5671392447504581,0.8597814324353584,0.3731955754885652,0.3016255274007325,0.6499976159903393,0.4307838248772643,0.5617005450449226,0.31228446554284484,0.5269164197038464,0.44906170601397977,0.37259031059680475,0.45626997607090447,0.2643496819325068,2.897055409717413,-0.08841280417395364
0.5283529987863091,0.40831287514209946,0.3921732777885241,0.04596159143671524,0.30620382190411954,1.0388125150183514,0.6515617659053186,0.619070873407751,0.53099804584515,0.5436617999398904,0.2260055970121809,0.17748282469334742,0.789588697312278,0.11844810911705976,0.4706694468836712,0.23794920619722018,0.446890519324359,0.4360827205479254,0.7410228754119589,0.591614051266298,0.6472211829552174,0.7100558705354104,0.5085720972664675,0.6515102928211317,0.26819063039209046,0.46989285144115894,0.012442523303441852,0.7023034165758559,0.7538426401845817,0.36178040077967,2.392745307524497,0.0021316408548777833
0.16107273582517395,0.3102318363799997,0.20004177997576825,0.39243306374077747,0.8560793027496124,0.47749176085282424,0.2810803500845784,0.10145379859398218,0.6653577783867802,0.38596546917101715,0.33444916033005007,-0.018277749536456604,0.38651138620875436,0.7343462210496574,0.30014172591576305,0.8970166072610106,0.8871759485473625,0.9530661084482739,0.2906898670749877,0.8532868999416419,0.4864196887698976,0.46974767595149525,0.741773987797695,0.028231119799054932,0.6958866418275563,-0.05790655375112662,-0.05073215956008557,0.2530073830546792,0.5562823013895124,0.6016673080799837,3.0100750324682926,0.1595907821153941
0.056743740150463975,0.9710221791334096,0.04182146783647523,0.20590142013701812,0.21257080182510896,0.6298971911453567,0.09479773964066796,0.19634651299257203,0.9662557801704347,0.7991510105810998,0.2557183129446001,0.7637861304160094,0.19800054343773796,0.07599060933624471,0.2530396975571275,0.8929575895126084,0.8657527178326737,0.6824407717608774,0.7966429753784532,0.7134796880596722,0.027373673965606554,1.0236335630667712,0.6760437763073952,0.656376392699301,0.6935703767960655,0.0013679296590327905,0.28920302559698874,0.7314651166726173,0.33856212679601105,0.02985367571524154,4.040375812643318,0.007509280147737538
-0.08807578906062113,0.8009777457754331,0.6119692556750758,0.7987366830831018,0.2579913999423135,0.15032971290164449,0.2950065078512098,0.9778454823647118,0.060262810627837046,0.3396718070613929,0.6022772969462702,0.6425848260971702,0.7437837728956329,0.9667085540779589,0.666243675495522,0.8477617281733841,0.20051565753521322,0.3745754626461378,0.0474387389855424,0.8349579955490166,0.2599229455068,0.612879623373875,0.54375298843114,0.23905653357591616,0.207364642528751,0.16527473109125973,0.6556974134721938,0.801882763304714,0.12635959521212609,0.41745565913117455,3.6083049108513965,0.1034350276647294
0.44865032042738606,0.5082366758750712,0.7541415737025033,0.16399137563840083,0.5474404458998099,0.05345239303719228,0.4665304436463878,0.6130503917058344,1.0469411358112368,0.9612387732802645,0.7311065214953432,0.2157564822127166,0.6107050266167755,0.9308723287194722,0.8610268324080783,0.6117273660647784,0.3262781183876579,0.3250707872879219,0.7885372710372537,0.7450303808851493,0.9622584721002235,1.0219708288639795,0.4389984890505009,0.8773453057460173,0.1839617959910309,1.0517422458298398,0.058560817626595166,0.9219342241481416,0.29001711191513474,0.4593398759595708,3.496851716880694,0.0836477846205099
0.679458817573753,0.53425854311941,0.25217121617907634,0.24269731842769596,0.779311758273439,0.6592839796283818,0.0748323242888764,1.006244626797028,1.0183198382104952,1.211283342766045,0.02910708405237758,0.4246753194742535,0.1362843173186013,0.1779837904269791,0.5947842388775043,0.993223626215611,0.31173965004218446,0.3728716582529992,0.5742084370484606,0.3550318873130399,0.04956587640281517,0.34162217068454515,0.23128118527243735,1.0709512736574418,0.7286269283823229,0.16243428797548431,0.8897133101436656,0.2868565078646539,0.4857769630443793,0.6152396859975686,3.4294018094982808,0.0642629904844104
0.3379468796287569,0.15291436012006612,0.8996319684990639,0.8551287606492289,0.07033795620262195,0.9339625761877658,0.3490702021683153,0.8880932575260588,0.14318212307069816,-0.16537563161904145,0.8371061208468937,0.45377012644925585,0.9069525230828284,0.9579342959566541,0.4315691431459528,0.6336855538339949,0.13006540725313936,0.230088971700596,0.8084336426507485,0.8223639815899199,0.2357135128037683,0.3576938020446651,0.4219487574834237,1.0383125198059553,0.2764808448719402,0.5447668279368233,0.20502283703046298,0.49462442827736763,0.6630057352201673,0.6480017827738108,3.580265603186177,-0.05154920271280107
0.5301175783574511,0.006651275541690316,0.8105319011360269,0.3744319651071316,0.5385907873750546,1.0094217623843844,0.8873760473305845,0.7063388449954497,0.669987436628013,0.09089543984779938,0.7498422791163697,0.9546316575196477,0.4600754706279033,0.36680668447585635,0.04662189502783598,0.17532917277026502,0.6592268771661602,0.7997106776788535,0.15169597236634258,0.15631178858317438,0.8111019507964081,0.7786349746706585,0.27670336621522734,0.8077484996495956,0.041573420496211405,0.6486096080077146,1.0524405031577841,0.5140946890155249,0.10194332853918192,0.2703431822768737,3.8068376457463997,0.202450957352193
0.7964990481214201,0.3865021550452724,0.7559509862437399,0.3855923272133069,0.28819256889766337,0.6754409889533566,0.5285521609123137,0.47742247634533547,0.7935946773561116,0.8102102580816278,0.47913261134557317,0.33946127552310573,0.1159778600355191,0.6426987800258857,0.8669454302863107,0.6023813085377216,0.673220254106066,0.5794837191848722,0.800262789828325,1.006155180360335,0.33313951889461024,0.5014162097876915,0.5958577333765407,0.7525642020664461,0.09267599053324163,0.34236269665699526,0.8028566682319259,0.1348139447919236,0.4167830723746121,0.11666484354517301,2.771349014553942,0.07526232712334661
0.7476776751701188,0.5229360512827448,0.9523862804110295,0.9063015008065114,0.6972298723668576,0.07650488728122459,0.4649235937204563,0.8930248918057279,0.33886582081528027,0.7335845411985955,0.13415470722620695,0.738687707631405,0.48698204140571444,0.4355196023893616,-0.04706465813141063,0.7669054013474201,0.8584368110347873,1.1406865854961667,0.7548688381991016,0.3471254442865946,0.5547726976623433,0.441819755339744,1.0021498156389401,0.5102769899807823,0.5955735853076881,0.5179779296737063,0.63468910659511,0.9652705672660093,0.2912914129707848,0.6373771039534497,2.947714975431345,0.10002416101868726
0.8759101519972057,0.4882568958284281,0.8020203585022596,0.39630010246651204,0.9083794735723579,0.10674786892777963,0.2441233858057202,0.7762209359821236,0.7726675540597042,0.32456166856724,0.7598610775809592,0.8724799164815533,0.6236297604437434,0.3545149470259166,0.9159397011268479,0.9171951319765269,0.3465438363686483,0.6167543106433954,0.7691648577786259,0.6379703593899295,0.1857738601752394,0.17176435895287617,0.2037767697290932,0.8245824329147068,-0.13135911676570636,0.5402477827130919,0.2959367633906728,0.5411686997157938,0.810681577185838,0.8674428177878085,1.90474978934509,2.863644112103085
0.5364293172094245,-0.050987042908150086,-0.05389698628356446,0.05108226793569348,0.36221349194197144,0.5278948953131583,0.9378978075579715,0.21878767370153163,0.11832217537149518,-0.05040113157718849,0.7893079748274545,0.6440899424868833,0.19626958060541647,-0.0559380014554379,0.6486033459535132,0.5490118005947016,0.6298001160660248,0.38044777422216575,0.15149761096254644,-0.12225052776269599,-0.09774125724436307,0.04004531069915861,0.2521425837170053,0.6627900799121894,0.8967099869986721,0.3032249246738675,0.49154601339971765,0.2718530730936496,1.11646493964343,0.2770562649724334,3.947555289483307,-0.19445335368044828
0.964224299316042,0.019169067680962423,0.4996597454602781,0.31207849593836917,0.12813104167030478,0.5925055812916293,0.3804922908343497,0.6723439410202215,0.022662873588782273,0.15062487111259587,0.4628490974659124,0.5747873218429705,-0.049765868578295167,0.6319640371981003,0.4209202849222538,0.049915611414959205,0.48180163319048885,0.4942678821414234,0.6691635265841691,0.3505721532422577,0.9261370510934849,0.2794431960696896,0.5782529634244452,0.532203915036734,0.9000775817358296,0.7016358542370524,0.2006231726225361,0.7995933920298889,0.9777603269035011,0.9555139759538022,3.1757001672250054,0.4123981253129665
0.21379843907065055,0.5381073675559301,0.21526754565752837,0.7202692632443082,0.7096679590553434,0.8585505688725925,0.3392822303259472,-0.04855557438082247,0.39071872721201395,0.9244380462796633,0.4402151891071396,0.0018984660837906009,0.5390643308825266,0.6008748418096953,0.12708101211230377,0.5146095724518887,0.8116636896933056,0.4231282854677392,0.10254505491256771,0.4841977078102161,0.24543145033874328,0.2547899931226328,0.5133628081855428,0.5720294709460954,0.8718582091339032,0.8211863449930298,0.793746691157664,0.36727686174190577,1.071470972723743,0.2742987599827417,3.1193483918809113,-0.15279797726566474
-0.09172852544612503,0.5804558609058014,1.0582224450891975,0.38134966088469935,0.7492234006014501,0.42212316939092936,0.9351316975653274,0.5683999791100679,0.65587822501372,0.7248880448512849,0.8467239716690983,0.6064320644803097,-0.05976631634316948,0.6200503421534491,1.0164414656249765,0.5016999659072747,0.4132982229243113,0.06811981928894852,0.8205029779909605,0.22068288690114096,0.9912242153722602,0.4553169461085786,0.434221352666848,0.846431792032609,0.5030330796465076,0.6475977468860232,0.33590229538571864,0.8143152357658385,0.08678006252515819,0.17533924622676586,3.0905676312759858,-0.17505900504076727
0.2595115666183293,0.752127021767025,0.5844336678394458,1.0307947235244423,0.8653602549849057,1.0090381019078825,0.37852784767938596,0.20310089736094444,0.26320847365440947,0.03776662061901011,0.966806234270944,-0.027657614027769922,0.8973332462937229,0.3087079637474092,0.5441639908357248,0.7318591633218534,0.3874509189596683,1.0849647600920687,0.5649627932994343,-0.04058203942172757,0.8253144685024856,0.9554730834022949,0.2838418486580158,0.28023992258605124,0.5920575963771182,0.8652660785258214,0.9148743407678209,0.38632493397220297,0.6608490030654587,0.6809903192108016,3.9723474203028246,-0.13440264052915032
0.5979302556363623,0.6005151626469752,0.7475919178774546,0.7072851977781387,0.1774758432360008,0.6123899729353319,-0.21583478074913376,0.6691953293993864,0.35794797679560403,0.5817307854784128,0.582354725878616,0.4334651660100807,0.4924832642998766,0.16576470695692375,0.39232139645317904,0.927690422250491,0.17667031862491567,0.006548317430368399,0.5934223060571436,0.16197283724530423,0.8684224779721654,0.13245435958905757,0.8313076071780819,0.2610923480485081,0.017569167870355437,0.24369359229048532,0.06274411234334216,0.8168459468498481,0.6353692627542531,0.5398112482949093,3.3898858492315833,-0.08122063410744883
0.718189736369792,0.27916249071201804,0.3610838160917423,0.1263539306289194,0.7690791189549305,0.607232624493259,0.6885725792151823,0.2266682193649728,0.1574910049265601,-0.002502786786878222,0.4928441060739197,0.34015715066571783,0.7206424251581388,0.5445206195208642,0.3691490566159263,0.33296902363361197,0.5855387600825555,0.38728432224302306,0.5508173786633292,0.5973691338271068,0.7611658476604755,0.9356957738588536,0.8702692209676222,0.2909092795693208,0.7413781849060639,0.2525812713877855,0.6491213246155517,0.7320044130693916,0.8019266821812308,0.2694343455292558,3.116320026135824,-0.09119982030026043
0.5057723493545677,0.20793464162806422,0.39222197495362565,0.26072879222706996,0.13872794775634373,0.15260247183739994,0.7986147418438662,0.8204663678041847,0.96044518741154,0.7268987948376789,0.12019457667837946,0.17198910765844966,0.9818966646806866,0.1292677934235827,0.9303875160927467,0.7531583929031618,0.010120762191157505,0.817596332046759,0.022564797471060202,0.6307054496857397,0.9776341073249417,0.8116924232087166,0.5193221610661989,0.3653101312811808,0.5744187337747245,0.6384117378776186,0.8820056023192681,0.43237644237492867,0.15370062635646767,0.6204369507048637,3.7044598676090095,-0.1493965325490702
0.9134425143332007,-0.017753067353947077,0.5471345080275277,0.2625174700282682,0.5542599621527275,0.0962113047650596,0.944985402865295,0.04297862196053294,0.8020970136425765,0.6847037474294233,0.041714394061262164,0.42667757732594336,0.2593744885564027,0.2691759728665498,0.314409422918176,0.6741505114925337,0.4007151693938344,1.2162107071969601,1.0200483777055658,0.06891451414989617,0.05639488239228122,0.6781667410017208,0.322155429948316,0.8834631737389539,0.4934302646870732,0.7079625760670497,0.24516291708996843,0.8056262172501041,0.5740794348862277,0.8835918548868794,3.541370350274385,0.4074774838339012
1.1138710979597988,0.679824026817708,0.12598474557048692,0.748892149635784,0.7268965114633492,0.6274411703867323,-0.11314219774118042,-0.162726822198232,0.4038921656905561,0.49741418559888256,0.08929625328295603,0.734695028662424,0.19132113746123314,0.16766911609583832,0.13486143594724148,0.5505632420730392,0.4030441637033845,0.8066975424351146,0.41512452806224864,0.7561725770604978,1.1136419536652633,0.17605738336690357,0.08444918287039435,0.7417950152569317,0.24583924523946243,0.9868077046859016,0.6349357728997259,0.8599070551790399,-0.07597252004251079,0.8482664916528292,3.532851890852227,0.2647434856501212
0.9586565998477298,0.4107682699333543,0.30577697555144745,0.5781140861405125,0.6413858307354582,0.37932573292149274,0.20057671816507347,0.5216743307614203,0.02799429097727235,0.96533487714227,0.7062290033851066,0.5964749503651416,0.22680576489249438,-0.12966425658219974,0.3156832000313382,0.18928187854135797,0.6699169011401762,0.29505129948809883,0.9423170843187932,0.3456718093013351,0.7488165098318932,0.816162756667733,0.5323411122579362,0.053807843184805415,0.9027015858015521,0.04870635017027161,0.7511048942944798,0.5695715170595053,0.07623268247560361,0.5718657198996427,3.4514337767027263,0.08736111402025956
0.7847244244962386,0.6176378524038528,0.37116198045667176,0.2312186112750407,0.2822859290388158,0.3105137632018947,0.8682965660758661,0.36678070140407454,0.05367795031333245,0.18138300875131258,0.19027000502866692,0.8273580435841077,0.5503487667519841,0.1462750448101987,0.08875764175289386,0.40642277764882806,0.6713435969474443,0.10778620685358956,0.6699123623917228,0.32537706671538946,0.49844062354390173,0.5711806905102631,0.32590594652773575,0.08665418843042834,0.26590841263230497,0.8871128626992015,0.08301580285065016,0.6381013279908224,0.20794601228980142,0.358545461791174,2.8618649830713347,0.12157910736615474
0.474851867995231,0.13453235868147703,0.6263366261706765,0.16592593843092654,0.42260257313595956,0.5549414269173665,0.5655467358266935,0.9034234320999767,0.6945888990532562,0.8600539369002819,0.5328977267864247,0.4555615257851797,0.5662090506812625,0.43119088157013274,0.3198068321849389,0.5391159276095179,0.5097304104912402,0.41180992971187413,0.47459684826844467,0.7054449891639757,0.8468016429321552,0.6083376762116242,0.6474608229022518,1.2149241403464877,0.18212329973536995,0.5548607851468534,0.35101440380985394,0.08636922360822086,0.11259763432991356,0.013747475535252268,2.756094065552027,0.07590432888149162
0.31264975080149443,0.36842338812106523,0.04528374458422013,0.8725223211745218,0.2689974083642458,0.8119613948404045,0.9346071921009489,0.6003893449550073,0.3769124693843487,0.9056869594427903,-0.01258436633250555,0.11667931586055838,0.9309943086955162,0.9650959265590059,0.030365796930184458,-0.06803127334017389,0.8763549242307848,0.9181506931352201,0.1993222910795291,0.1734413305674226,0.5194383984648661,0.2587946023475739,1.1553783146893515,0.7688874310789283,0.43191493384223106,0.8766952115161581,-0.038816131996073824,0.7395668475284313,0.06586524125122345,0.8752085932467781,3.9134445726752842,0.016030470715774087
0.9642948369695388,0.8044250526223145,0.8642226304955434,0.19370752904313504,0.05493876351962321,0.7559902797457798,0.43990142654051406,0.31435704468426173,0.8262386630017897,0.20992986681135795,0.1553726644380339,0.6088710482045481,0.7205230023667392,0.10656448524580318,0.9480606098555803,0.162473680600003,0.43305400641277497,0.017889245581153998,0.4964909268659062,0.4279512636156333,0.502302544405816,0.17850608777164906,0.936438572319021,0.549895177468807,0.440120037854697,0.40379685225032447,0.38119925191736387,0.183294438650014,0.9606909590927889,0.8064779443043701,3.461481814842361,-0.02224947135287613
0.8546147238296412,0.17665534820246362,0.15723427193344802,0.6904418266368602,0.704543683048631,0.7624444189349789,0.059079581631644645,0.8537570623270775,0.7299604534520936,1.003303358349047,0.058629399437327825,-0.0625488151222383,0.5603233817191066,0.6792948948855589,0.8402801328600857,0.8580732729188274,0.7536568470204993,0.6499758773696838,0.5729553590832249,-0.04917411893680561,0.38656789691601046,0.5267185348187162,0.06547124431648144,0.144102307044014,0.7211666170108615,0.5607791223362817,1.0717233121164012,0.5589769582460747,0.2969889949060039,0.02067398026530525,3.891627704076128,0.031457539204245655
0.9827878702258277,0.5702400095067759,0.45701101023555724,0.12510944926748396,0.9305214188228874,0.9097871546177728,0.3781889841384885,0.564593117084273,0.07117880257833062,0.7187344185827578,0.5238142879524265,0.9233030080982266,0.7259809924194959,0.11461647187131822,0.42017351980216366,0.6136788789822292,0.8019359877286943,0.42660511172961135,0.19764112607227916,0.3481520318716434,-0.06018799782343173,1.0010142615122843,0.3849391657317124,0.029509492193441986,0.6112254099413199,0.575944427840208,0.8474416676735088,0.0011700736064407802,0.8277832010528187,0.4139631234723972,3.4602051024442027,0.2307419822103905
0.06433126187335675,0.5976297107290293,0.06836601641948667,0.9246494700794146,0.15168601611312577,0.11345904604760582,0.7791947305041104,0.4841055416392792,0.7235025814471684,0.9032930486700996,0.03747947339902495,1.0040035283114563,0.4164632982345556,0.4966854596391542,0.9721160292655385,0.1607607756650242,0.5274489154470103,-0.03407337683481356,0.5504620552080923,0.444921431691415,0.5370980007036924,0.15183070476076715,1.0077812321543653,0.2218812967378848,0.3265951979795271,0.24211569998275323,0.16400889938168545,0.8632003486095633,0.6313410831433875,0.3783360656251369,3.3795918271542416,-0.1657817048474021
0.9145342100673374,0.2020156068816359,0.8492529927015257,0.7429232904823552,0.6612349030825645,1.0556307369497957,0.17453611808471609,0.06714578573762146,0.22830540045167522,0.6712968294433908,1.0709556100675868,0.32815227647557516,0.8161087992353256,0.4208801263324029,0.09289335536794883,0.8645096227508449,0.5763024677474932,0.24374269141062962,0.5011505674177054,0.5787413999688394,0.5725927397550694,0.5859047014651425,0.3695988645620688,0.6865221180809756,0.07932222159054003,0.06986919309572685,0.8710613471218688,0.7061619765627407,0.9802672945358113,0.800847566113622,3.8351991959396203,-0.06851493228854406
0.1630664007842007,0.025530671317276196,0.13430981177968937,0.602912858314287,0.5842558664234135,0.14175106238703528,0.8292989853669329,0.15617705700146722,0.21755466043626834,0.3243512726439893,0.8026932552920454,0.8992514302440976,-0.004324691407796316,0.47049066567434294,0.7529149446090686,0.8458708962925036,0.3545430160891279,0.7199840192517921,0.9948128455286992,0.008365645001505384,0.7675143627868655,0.2290665393963843,0.7113863079711562,0.6614965585529399,0.08312074049339421,0.7755114039939277,0.40292875044983073,0.4505668147522894,1.0510096183969555,0.6942083073190258,3.16895174606578,0.08266608079352612
0.4499783797434897,0.07738586503802622,0.6018279362878179,0.9840999032950462,0.604059529573718,0.4324778673320404,0.48438471012643974,0.034112665145890966,0.6413274964966111,0.5236102566936107,0.09313377773678848,1.0075244777639352,0.356026285514895,0.41247160783149206,0.22148649792431355,0.8426586334362378,0.7233384961001943,0.5381897954281871,0.5222978399754193,0.9185009415997778,0.7004914891560945,0.10887655609037258,0.12249037179979799,0.30768507447790006,0.5305027649907262,0.661767539665166,0.7998919025829464,0.5015186207448301,0.09626012371981454,0.4514413165024189,3.244748520060273,0.03243769332097898
0.5250101437591119,-0.03755005472827562,0.9397701827433521,0.1448488452489987,0.18659255245486212,0.588884444639592,0.3365990852546187,0.12519180219757112,0.13290449406539095,0.22347447198055795,1.0447562148245404,0.9448787961697138,0.4796632610076173,0.04248402786469428,0.32774852967093315,0.13112676378922442,0.7394718341721489,1.039613420608013,0.3599416161709957,0.6267912598953108,0.24283064490793915,0.8158393677434361,0.8919579796749169,0.0013096919449623046,0.7303059342835296,0.23192139585493685,0.9225257941912115,0.8054754162103419,0.8813592946482772,0.36431708839883686,4.535881242736115,-0.26583844269565265
0.30038921872491264,0.8079270487332681,0.5931820840443801,0.14279789476168486,0.47315795917749853,0.752517663055464,0.44558401557597915,0.7826218108385272,0.6175096183334314,0.7481336979659808,0.40407134101324177,0.22675212399106728,0.7930865922229224,0.06324463996318486,0.17488262998404275,0.6706840913730076,0.0660548487752665,0.554753365609338,0.5193650273790009,0.1431907621638232,0.6829638965733646,0.9058968895089525,0.3092235501865979,0.597543539536714,0.11612285114620828,0.4255329473691105,0.23681642793515054,0.2713613364205037,-0.016412020894789832,0.5264526133439628,3.2458048210590413,-0.03476268232311036
0.19453996167615423,-0.06730908580981387,0.7794492606100969,0.753857304850365,0.1944935248580995,0.657687950843009,0.10790331294063275,0.7864179738677454,-0.08724138903250188,0.5847499586467095,0.05023270506133716,0.3189340254496764,0.7373945063714408,0.12319627594814218,0.543750726495351,0.2489677910738109,0.6901395769495292,0.1470344819013769,0.09681590434570655,0.34918577855686034,0.7369931368143807,0.5305526950075596,0.8255014349753423,0.2800652499303666,0.2119306017624492,-0.014502244795608299,0.05453834504964071,0.4723754575578406,-0.01865547240131836,0.7267708324865804,3.363315364403204,-0.025262483584758463
0.7326717190542431,1.1192312292620192,-0.12065131313837567,0.8997944416303545,0.04193241003741069,0.13600086376664686,0.4801765712975363,0.9597296736621448,0.5532184295446416,0.40716786577665043,0.9865401770377371,0.5874854386799762,0.8565933776090546,0.26077230747441815,0.0975821579440043,0.7017237987991073,0.11108947906101665,0.08265527004654412,0.230681350305535,0.02968225461968009,0.9541438123845529,0.43419460838773016,0.4641151298179083,0.6534966029869131,0.6515867540326896,0.625642772360055,0.774662089942318,0.2973924168301074,0.7888961207150192,0.7173935568093152,3.4232211328374778,-0.061604200889445224
0.9134589990954312,0.24141219589503754,0.688028225544057,0.5177381161833345,0.2670233140514054,0.6710095099380315,0.6079522100053213,0.18057507693709118,0.10662833314886364,1.0090745901730693,0.4311627949419551,0.6249689091432313,0.9047100520153153,0.7286752962134873,0.984126976745647,0.7723477880993755,0.27910624618409663,0.2553206385564768,0.06524637258607592,0.20984244018345932,-0.004909292500842655,0.26958038330025447,0.5737569710441855,0.42389964225012133,0.49590266514487075,0.3790822409915168,0.4966649350045469,-0.22111251008008387,0.8574781256223731,0.1173406722676687,3.3898650878034564,0.16455573842775392
0.47674758557675667,0.6839427839985586,0.1611166317947032,0.8802786861467106,0.0041780213262157945,0.5985842657019412,0.8559582840046476,0.4583548916025719,0.3110500559526146,0.07781381089085238,0.4142287118480853,0.7898606884435211,0.10742604206567143,0.5611764481255712,0.9625530605429775,0.7025603312241806,0.11239213789898192,0.950730518085322,0.537545823585408,0.8638690879279638,0.4598480134191074,0.5560850733615761,-0.0626195154777148,0.20893041399297918,0.70394926558812,1.1545476388603493,0.47311864947390225,0.8127142117766266,0.6810035308308594,0.589989978172311,3.417466644226214,0.020754526549436107
0.2063573961441048,0.7512292965737065,0.11013602895274013,0.2821001845549809,0.307869006603748,0.7775827777024906,0.15205544421047212,0.7077465480064299,0.3288808925844352,0.3909695275334356,0.35474845912953695,0.9530871943486096,-0.08310958237499491,0.5825309757385123,1.022671377689949,0.9642426487092799,1.0494041854617897,0.761718461515494,0.2642990327152902,0.2570322350666073,0.4971803868471006,0.35875280742152393,1.0231238687946702,0.2017604595311729,0.2978469256707695,0.9159549673233514,0.19447762026162507,0.5756629027351923,0.1422267492107806,0.8497785730118556,4.28781848123614,-0.1772548418250799
0.8310584857868883,0.5565362977436025,0.07232352479224108,0.9963846223327073,0.7864628504349415,0.8688988878422593,0.44509607054619654,-0.022973757245024082,0.9274104509674623,0.2739638147348804,0.10509432574232297,0.36859569774183587,0.9240092620340276,0.4501702022706114,0.28460807976536756,0.6382348941805064,0.9284848442136735,0.9274158242131377,0.016355136496668095,1.1502094450039495,0.4165245772854105,-0.0038044060187531065,0.10038332023178403,0.9714168080090669,0.43060941150143983,0.847834086139869,0.88025861591275,0.8282016713197857,1.0274950171618042,0.9620767153699031,4.808965881401761,0.05295748846581196
0.09214125706603632,0.8309928259017797,0.3671113066997288,-0.19621747766426967,0.2736644904218647,0.9031285740613539,0.5298584212787679,1.0124892074557241,0.057246762651997296,0.702899933188663,0.831011909378567,1.165245379298723,0.3833844706293137,1.0203998334727666,-0.13592695054274864,0.2890723746684164,0.6523010870606756,0.31538716316038135,0.46657896885168765,0.6726595775202373,0.5136592404254343,0.5738800871851335,-0.0009250137370924866,0.8125952126793795,1.0339390965450188,0.0028560309548786023,-0.17610478529859278,0.8603007327763742,0.8559175246324287,0.2507752376346531,4.115121474578428,0.10824983522603907
0.5886965827948529,0.935368835129453,0.2731388332812569,0.47409068917599295,0.164531389415188,0.5630404141584097,0.32026584876416025,0.446371440799357,0.10787033125186062,0.4812189701001729,0.9839224477902473,0.9462277360197825,0.28462550493310784,0.5444498926952123,1.0154280539337455,0.49280763143953593,0.5725177984404283,0.5065421202459601,0.8475243757109847,0.21673641102183594,0.2840057318328988,0.04476454870576523,0.7056055985790235,0.758771335222375,0.11611666879766017,0.5884897188016407,0.8156291632291534,0.223793461358949,0.7924310579253093,0.7872309503457574,3.3778112972740493,-0.0006245487530883796
1.1749144580421307,0.4365602003236879,0.6023696866858589,0.6173627337887795,0.5679858229465553,0.747021342422494,1.1209305184864218,0.8531777846313854,0.12220131965639719,0.4465980725004042,0.8822552929944028,0.7026856568582687,0.3044802401424925,0.5754771049670196,0.8203156961320581,0.35056449732518474,0.5890059471405706,0.7814110618703379,0.8745014452404368,0.7069547303757338,0.7167759152636132,0.36309350138860635,0.06690888191292862,0.7055545360895964,0.47802097807876404,0.5484525905367554,0.43568132309829266,-0.03918206054151019,0.1428399401316883,0.7994457738666488,3.071603581546633,0.2077909293131847
0.8653306952097299,0.7628511501592325,1.030668398681768,0.6757106032203318,0.09309903193023651,0.016539678105950154,0.2969545170586141,0.13276813463610113,0.22371202805103063,0.793175138933547,0.5999501179815305,0.5876491795064258,0.06071716364989185,0.47418893160814013,0.5541077476735174,0.46890630647996867,0.8670094191858688,0.611384952563417,0.26139700560738865,0.1194834049196409,-0.05665210141947635,0.6192650556079089,-0.11980582514832577,0.9371358884027361,0.3434086601267384,0.21592248113922155,1.2669855103760357,0.9183877151962105,-0.11160181328921244,0.9396972253667313,4.085457647726375,-0.0016872214952848089
0.6381862664991459,0.4772696825109264,0.877866786556743,0.16093939177049957,0.8669367550191682,0.4885682100725665,1.0706909445080173,0.5382832059285214,0.4380094205001758,0.3407708824942352,0.8554239481948906,0.7496569019772412,0.721647363150246,0.6274793428907244,0.6147994944054285,1.02904172107762,0.9788696937473627,0.3800303275884278,0.9869777124189109,0.7595474027359143,0.07824597636106095,0.4844719878321143,0.9274527758532151,0.4710109991435171,0.637165210863333,0.19904597962469786,0.6555202355536895,0.791491239603342,0.7663146932543587,0.3331549416998495,3.2323126996330385,0.06881995437893147
0.41355875454581975,0.13277347225935077,0.7064698726496595,0.5051016309444738,0.7946833626517981,0.6876858008781426,0.6331744508070537,-0.08785363016538655,0.780936404938839,0.25118145105949496,0.6572484819746055,0.7229262880394941,0.3852424432014076,0.27636294640836434,0.004731724295835994,0.5851619979349979,0.019443011588675778,0.7259138163937414,0.13461465274259626,0.4268615788304389,0.423743831897741,0.6169251328091462,0.466510239554757,1.039128906052631,0.5436257125679453,0.512508994032471,0.5550515051110634,0.9865443850249191,0.5442159031565859,0.7303514356536607,2.51799803983334,0.030227434835552975
0.5978541184562122,-0.0408337078893586,0.45260674040877846,1.0565183214633433,0.13703085168948614,0.6888898436643416,0.992662825193386,0.22245892206629084,0.5533056825434403,0.36863653307312566,0.26350521084987627,0.27293017608690545,0.6981820703518795,0.17719317604188356,0.6430360531300348,0.017905415954742626,0.305789715681503,0.8474801584182123,0.42574501572236123,0.3738077581333154,0.8282708757249808,0.7110065599061696,0.6084090306159751,0.6928254857398817,0.7876389184822135,0.0442215237995337,0.30225864154304627,0.6807344637031708,0.9707666682930556,0.1323996188430163,3.536591758046162,-0.09791279612903069
0.5295402300503175,0.9112685253673802,0.8723600317410358,0.17188383481316816,-0.013617340609521425,0.9147341095580741,0.010871379880218825,0.043418040602624,0.8797842073354541,0.03522336552454894,0.32391663260236864,0.8586037126674098,0.48186722441612007,0.2715405926727645,0.21498599187361672,-0.07126671248293247,0.38029156288450583,0.7397764894845507,0.34886846875359034,0.25405733430870614,0.5128780063594462,0.3159596043679152,0.1468621692771325,0.4005770713829375,0.19608267706627386,-0.04969735008224392,0.2998885019669143,0.029274637370282148,0.04932771575336942,0.47956809486929,3.8603445637457474,0.15791427126212848
0.9689369576211293,0.13597886790818334,0.7536182453005447,-0.024879451222215278,0.161406282111041,0.39733809208874,0.5311467734609149,0.35214836894920143,0.8253630045631206,0.8081178467556852,0.12055590329588012,0.9967629613369999,-0.09576827926925705,0.7326253453179344,0.4967557101291306,0.5968883232267517,0.7843569369692734,0.8162349166784225,0.8739820732841612,0.6788623574107042,0.3574075070007424,0.42971041213144534,0.27822792257608675,0.3127421309990334,1.0195525250759967,0.0764965453118695,0.37216895265698013,0.02923903764246616,-0.034869920956419664,0.4756484640720292,3.564154330377923,-0.005372767338973425
0.10262469990105513,0.876404660915109,0.12305585454956304,0.4684161606680915,0.2454467359541634,0.709183248059921,0.5274090435377256,0.9441481551945512,0.632842267277454,0.015793777211875124,0.7959238242783291,0.4833821122063089,0.5743587258608289,-0.21855214557383698,0.8184832641807593,0.21261807166163912,0.36748224053432477,0.7542883148060104,0.6605771825521912,0.3314270645148722,0.1896942627000229,0.549157214204472,0.486326156013331,0.2545383038704973,0.8509527693893213,0.8366351473086237,0.07911898162968213,0.4647066881665762,0.9173410809070686,0.7950622836859155,3.4496404209788496,0.11496952067451612
0.2261095673237167,0.9880772379977337,0.778999715202449,0.8671333488275634,0.5669053580270751,0.007000644895755914,0.48904624840872557,0.3730649756112403,0.06697857601700638,0.10637809048520228,0.4230680503766646,0.4738295010612358,0.05133788632929481,0.3010938626885703,0.20282793691314824,0.31435648823893103,0.8583711936253828,0.5810704002117757,0.0912665544317735,0.13338954813453976,0.3586211001045454,0.4749696837714376,0.3445505970476915,0.33402873945317607,0.26780237986204897,0.7418065230565521,0.18488000679011354,0.2991918734305325,0.18429488018990248,0.912273531082867,3.586283180060207,0.12576344806530546
0.8311759159340774,0.48314192862137584,0.4725581870533498,1.0068172781275622,0.14223261160107917,0.8282936320698393,0.121237822930641,0.4062555117304152,0.8575752054074932,0.04180800672258096,0.690812197890778,0.645635274802758,0.13788817487039534,0.693755198902517,1.0014661248275667,0.16964644713792776,0.7541737004293548,0.5068518183247739,0.08911174537373552,0.9104243885544306,1.1110748388192702,1.0891432701349177,0.9508940231222938,0.2755003182265629,0.898285606330022,0.3142080871301526,0.4303009436715825,0.35127852975090795,0.8279939911709202,0.5598126055327561,3.690388976079555,0.0751460376227891
0.5524802082399835,0.5240812713004264,0.8045461738078027,0.7217744747130255,0.05807824713698409,-0.046861564136631076,0.18882531962690727,0.5679020843717137,0.1893983843901585,0.44403840337598244,0.8266672665281375,0.23523275721822978,0.8286894604912904,0.9110691639791648,0.21699831965724384,1.2211844426025318,1.1630525167077368,0.6748456025187684,0.3402845804789779,0.6343894876313378,0.11096770559077618,-0.015034857645946836,0.399910069493379,0.5326144665998114,-0.013784566459586103,0.13170752137223593,0.44679408225432804,1.1059137952265887,0.4588769297166646,0.12013109381909631,3.536247060822169,-0.08513772898214489
0.609747010349841,0.1290875251382077,0.8329007273996163,0.4264488444129698,1.0099962918656706,0.8972654574439819,0.00024050457775812162,-0.10124809815117236,0.43424517217167335,0.3187205478831722,0.7549963316020626,0.41025704622133696,0.23576366193587947,0.8655264886243934,0.5259974354547664,-0.09787637813403709,-0.018930207336050317,0.8968300326045499,0.6334064778796104,0.8635084276717845,1.1729961105672544,0.7142111032448173,-0.1130401011182108,0.5241735656378639,0.18260370049658617,0.22382554947934338,0.39967034779576976,0.7289103006643508,0.1334557678861027,0.7521988429238934,3.879151102081742,0.09356551837621033
0.3742859910694446,0.6563228216866483,0.7559133963581326,0.6714162690967962,1.152063715116212,0.27123180029764926,0.8559444719111927,0.31674364036801034,0.5260188148024173,0.13123233770644896,0.1769766251884639,0.748552705098152,0.5210782294156775,0.6690418077120842,0.16495120583772727,0.42946883705990707,0.40139750218648473,0.4308341836985898,0.4076140512232299,0.11392666614169926,-0.016299171178124905,0.8009303716724838,0.0004860216118070318,0.12031881834212735,0.05521667942747059,0.28548273744620917,0.06116506920303266,1.0192808769480715,0.539635258514231,0.5257114781493873,3.6799835999978914,0.07660845911970869
0.23749362563034232,0.8460558996452773,0.18079161020825135,0.013753780630042192,0.040674872753950736,0.3899965433281887,0.14142319615389923,0.277292228277055,0.5754329044544684,0.5714855105134293,0.6050366102889656,0.3496321169436239,0.7721214652669652,0.32211228274785647,0.8313578242899113,1.0737044781130294,0.18270256821359818,0.4692197075237425,0.3795575175301215,0.8373890594875952,0.6537928113131418,0.8306456470985144,0.7994149720416603,0.6284979234341543,0.7160264183924767,1.0355612488580472,0.8769138553750707,0.46467156830780487,0.44155103074475927,0.5254260119948027,2.9679544262557256,0.029445085395845408
0.5994850215844046,0.6843736271518484,0.5470349684044375,0.26694263007192665,0.3922808807805911,1.0382120047693397,-0.03860372947848317,-0.02293797080709349,0.03964979546448241,0.2646129340094472,0.3050593004847979,0.9250515966256798,0.8525321810790032,0.9731930592852948,0.8832727165182934,0.1387506361252113,0.622016847640431,0.18876286323760225,0.9109688782620315,0.38460002283706407,0.4689217143395525,1.0978034470327738,0.8505142041452318,0.33570263552400736,0.5138810474573736,0.9150405908129297,0.13447699012973158,0.4553653795019598,1.058222084143747,0.23283290536400414,3.976971726224719,-0.09616719842129565
0.12144661015477662,0.5227816457821415,0.5411743004578002,0.600368600222069,0.27084592282605363,0.7068359587089268,0.24766622478427291,0.42247178132159285,0.28590921780439,0.04098961323381864,0.43604347492613404,0.3537755322027063,0.4921185139214559,0.5203351596840036,0.03302630739954369,0.5705491989172515,0.14542679061984387,0.47018655443017765,0.5274831729828063,0.3826500905982213,1.108676618423446,1.0319370553650353,0.8903810314896355,0.007374465926676496,-0.03703636571281163,0.4404032159352119,0.6432896582814355,0.9190092206023989,0.39374591852231117,0.16815266270066745,2.9354497535735375,-0.07118198812696215
0.2207426528300381,0.3596342226949192,0.8501523882908619,0.24926432450248456,0.7160369352116548,0.5010153900431887,0.352750157048377,0.0528723144897769,1.0325687912136914,0.6316837083899074,0.3421637394515546,0.7909446819368021,0.47036451340808816,0.5240866387946214,0.4386006837912292,0.5283892563828598,0.7309816843225624,0.07695947863497049,0.8279202474075736,0.2331971456749805,0.5076304798297511,0.7335365485061407,0.28422715189086456,0.7215275298411874,0.5306145780394176,0.7786536866797404,0.8188458628669092,0.20720858785271457,0.3758856155784213,0.6789097348181138,2.6946281596617307,-0.06883455209687177
0.662913356913401,0.11668020739097171,0.8394641218145115,0.125926669375286,-0.12377883303297821,0.49352158671873586,0.7617328670364901,0.5253536807265422,0.5223576929800768,0.22737051149745946,0.1323208372362243,0.04193334886280409,0.6354672450908951,0.1662099954705077,0.8772641456004926,0.9442622974237134,0.47667828616789837,0.6831885983341517,0.5998493905769875,1.041165675389096,0.6650426827736304,0.8373388163161127,0.8218450349814044,0.37618029470300085,0.29182596773100333,0.8761508230923996,0.48088674472736936,0.12150388275953519,0.5962109236270845,0.7034352586398516,4.071512732591317,-0.013868707374285374
0.8907309080288446,0.15129209079814848,0.8804776626137855,0.3019775395413189,0.87190693367358,0.1551612907383641,0.16127045262885142,0.2709714695842625,0.5889710829307249,0.9138683746534174,0.12939297120138465,0.8328709699195047,0.589927637541431,0.26383983866384214,0.8452844019771053,0.8369742621063726,0.8406666270132932,0.12736046678968418,0.16503673680592185,0.6234937675805367,0.5766862614842142,0.04412892337599239,0.3319212207942504,0.9177248377722149,0.7951600409309032,0.643727718096824,0.7675577857575009,0.33188356718331147,0.7709474570076376,0.11616892883811286,3.7446316593361537,0.05912988232136657
0.16558942458480846,0.10840852127753203,0.5602972861180702,0.18007248155096992,0.11154554477340164,0.9181211013789734,0.6521948839819225,0.8145172604412321,0.2848582121827828,0.5986574585123395,0.7025670580777585,0.5459528114058207,0.4685497198026019,0.8924865323021719,0.15318406819606775,0.5480965492804444,0.5527598907852167,0.4288633311788483,0.012450937694683695,-0.0035816551420108315,0.17374827668065213,1.1062014003178233,0.670980557570598,0.3003699194641414,0.33304829557711413,0.47567510673079094,0.6798765742837136,0.7115574762314774,0.42812546903829146,0.3823367869928362,2.798966579368944,-0.0025821527551666127
0.7954276326408749,0.5269886109569597,0.956029058675197,0.639416887029134,0.04180187983407755,0.9484088711126429,0.8417442678745364,0.38204251902669883,-0.05711516789924975,0.7033991576148966,0.6881305209340063,0.37959811208255784,0.06908999721268946,0.571411983453921,0.5038818978805131,-0.13395453108219207,0.10792115626503196,0.3720803640307876,0.7283312982295016,0.44665084302668345,0.08420229426878714,0.6084546661991367,0.3406813236382408,0.8812837763036102,0.4222576269502051,0.20643440491253984,0.22691895160423795,0.5929435907439663,1.0492673290014412,0.5138391992972106,2.747362614722193,-0.06548134251111382
0.6256477481514364,0.8349779590102226,0.23074598501627452,0.7105152680250438,0.40306940934450647,0.4276336539442102,0.44930111917112847,0.5030009601779668,0.8259748936089195,0.6088953063994132,0.4516810050349227,0.2230666520166571,0.9696854791580379,0.38311533198129477,0.7260400659784937,0.98711260318194,0.7499078888972527,0.027127860974973158,0.6153750601027151,0.48849532957600705,0.09625729131451895,0.6534241935646239,0.026581346511848958,0.24954592741026677,0.9209575349489193,0.1286599443029901,0.35458514227157634,0.697929041722695,0.5618670501856567,0.486910185709662,3.357394286022015,-0.04275710815674372
0.7298427352838672,0.25680704491150974,0.45305570311412463,-0.08570960314456803,0.35480473676868846,0.4792322554981939,0.11496207464663868,0.9381624773770288,0.28954602598991913,1.1327441141182975,0.2448361940413351,0.1876365072378483,0.9489211554096181,1.0405067453180932,0.06670111040888621,0.37237164968845926,0.20319470598902542,0.8646427875931716,0.35113691817961706,-0.040830812146209136,0.5745810535423729,0.2271223345806187,0.8682955579457001,0.914942891523256,0.38154239255960243,0.7753809522224548,0.820601381994883,0.1468209271138674,0.9686295801324829,0.7997274541847231,4.066066649966572,0.06711011664415874
-0.023655986680273088,0.9247280646598802,0.183677422903942,0.7140496823242015,0.910826773742345,0.10790668766656031,0.8770233920457658,-0.11573373730865462,0.12545812150877514,0.5215547591125836,0.515758588262263,0.24962394906248908,0.3197697875117389,0.103383897166244,0.7616408583411793,-0.08425829701768837,0.1166095508709717,-0.059866892820242656,0.7708197294904959,0.12315768318924035,0.4648595722252261,0.42784086029932444,0.02878948462611555,0.2871813053465797,0.7690428327702651,0.3509349434412311,0.49722938984051773,0.3361190809945591,0.7197067708012348,0.8768047702631643,3.8927517285757456,-0.10157149806514594
0.011276057725332439,0.921137328607154,0.656645034767307,0.0031606498821298568,0.7541970156998363,0.659012922674341,1.0083155168686675,0.4273544465013497,0.3068530446526204,0.6287146184395178,0.1977519797467192,0.5257720372145976,0.1896256856098703,0.48809148066613184,0.7013642891466556,0.28798680311147545,0.7993191952700829,-0.04959686813045197,0.08891973708340609,0.11437739871672273,0.612591377356471,0.44975237549288827,0.8030226318053234,0.764564975605895,0.6982739144994505,0.020008024931578765,0.6286039589961424,0.4042212192419806,0.6943903637347599,0.5040150826218679,3.0752423980481027,-0.06583192051688147
0.6683658601919891,0.38387759749774963,0.955611187495094,0.538963879043246,0.24953288702898827,0.4540504433324303,0.7148342010532334,0.32488717682838575,0.2840520979888911,0.4987734536012239,0.225609841313614,0.45854385007141063,0.33321225476299526,0.882580123272766,0.8686675839346836,0.4901859003108556,0.9354614498536474,0.5252501900425671,0.25861073679231866,0.4542561714243952,0.8073336886779724,0.6774090467281181,1.0354824858700256,0.6867802938121514,0.9663503854471532,0.6153718869132553,0.5662897276584314,0.4382900352738984,-0.02758772215557157,0.5847073644993669,3.0073063966658085,-0.09433689868284316
0.3443773929587991,0.30515901573442616,0.09524435330939848,0.43105017870480417,0.07585050344290561,0.7133857007326679,0.515624677848675,0.7601786192943735,0.15164430745347857,0.38988315760192865,0.10279824211571956,0.7860443118792867,0.19999385566565592,0.6774070794542548,0.5559664399307211,0.17134932872648428,0.12399649543987264,0.334092353616203,0.4517957280873832,0.0717355144520678,0.44370931663225516,0.6733560993708647,-0.13177788425773815,0.25882076643889085,0.7984828828347718,0.0030360379318557437,0.40943322679231786,0.4989959538650653,0.6221176893295953,0.2273284793448527,3.6313478140083317,-0.028989610670824784
0.5495808793407008,0.923393265162937,0.71210878388018,0.3606307896955418,0.28385900953368676,0.8348705786030092,0.40066111472684984,0.3114328166419964,0.6044708748602026,0.3417910461420201,0.7323615565306422,0.27033996370290786,0.3163766836423468,0.81246094337916,0.015184984803700475,0.21090206597668001,0.6917924028314897,0.8665882955975195,0.18714451722886122,0.630738781596611,0.13320925029357908,0.6867293975195181,0.6196450847881534,0.3590295791495508,1.023336781149928,0.6873764983310462,0.6990675735437348,0.9813370448741898,0.30481977290681767,0.2813703834572688,2.8082047080368793,0.10330315102068138
0.36492221519482904,0.5112130821871815,1.0054145591641332,1.0873558572729205,1.045081610624207,0.9281327868603738,0.5090290398793311,0.7069125380902621,0.45372816262078636,0.9358471296273099,0.31494765600515157,0.7855484353197384,1.0227919321999202,0.16710547954900856,0.4127787596380315,0.9593445201311838,0.21564963754943972,0.893963136565074,0.16785503169269325,0.3180727586090288,0.754404201224575,0.06939683420575146,0.8096582799075918,0.3375650083658777,0.8572949280117809,0.8222079524183662,0.7097441148990921,0.5050407192133928,0.8995495187488574,0.42849732692896014,3.835865566845898,-0.04440710850975044
0.2787270504913908,0.15973669344417887,0.5448080991220386,0.804152656588417,0.28921195441152237,0.8965646468485409,0.5377608283683805,0.6168322912342199,0.3742437405154727,0.9782276446692173,0.9031475639224091,1.0003301864428304,-0.09805291895248543,0.017503341932067235,0.28104752290955887,0.4516610832254287,0.2620038769566871,0.5801169994808846,1.143933992283329,0.5140555732122983,0.3633226466160015,0.5320276533803064,0.12206065004970228,0.7873866882220896,0.7582947326506894,0.32822771990068816,-0.04292264234332042,0.9647914648221537,0.17574420234488847,0.500289761398611,3.6952131419644387,0.01987099492819505
1.0203710705760674,0.8187679902972679,0.611877780384478,0.4502280556927693,0.4046139393992842,0.1652039337260007,0.264876091638439,0.558776043357926,0.46532374272307575,0.45997714283317165,0.20272171854995047,1.1103446803861892,0.43685758630691857,0.18095676208922723,0.6175893051398722,0.2601036468017621,1.0724432952143303,0.13548429801749784,0.15452662604439912,0.29426112067827875,0.0025183499639132266,0.5492121042850237,0.3034942172847266,0.18365145346086775,0.5701469534637238,0.6264293321490847,0.6390570867842358,0.8666062630989804,0.8899574602721925,0.48490616078029347,3.445041644926938,0.052793527228696915
0.09390327411814348,0.35268568262409083,0.1796627741009768,0.7686246944680871,0.7814550474114147,0.18544799665310563,0.7512690045462436,0.49594589387454585,0.4564250219874015,0.3848943744241642,0.1910192166881253,0.9266628005439622,0.7735984920832155,-0.003372432934602587,0.5015775844811928,0.5149794083254348,0.34233087041128535,0.44635350319070943,0.08151505992970173,0.9158045217990096,0.3377015042562496,0.8987226691068393,0.46044686874412616,0.010320912371162783,0.12340902876162702,0.9644731724409247,0.010251052897782248,0.2811715071383462,0.2677675528011039,0.08914508339269644,3.3944110346261653,-0.11242443903212118
0.6122155667852922,0.5180890749528837,0.6224584891588866,0.17594981570587973,0.7082973343513126,0.09541080324842813,0.7233645973314962,0.687207171822987,0.7585908726512267,0.3901990451447809,0.6934014544290563,0.5434633970249922,0.2491551577202834,1.1343290638687424,0.17497242233457821,0.45232214260256454,0.6032237855306537,0.17451585626028907,0.8760571557644006,0.36209432530361957,0.7605587832016768,0.6115559881004404,0.5772500359291016,-0.06820898540036784,0.1664119303144096,0.21728742143671623,0.007622519766355243,0.21091481280828794,0.5968357900307664,0.49662593520617443,3.0100731551243256,0.011781492882134072
0.7732416221661621,0.024573892321950175,0.2308176303514633,0.5379066040369554,0.6532595788886815,0.5776208580134932,0.8806125599054708,0.8939394425439801,0.685633059022023,0.5698431867023459,0.22024392626226727,0.8857288968128629,0.5453708198218677,0.08274911096513728,1.1066945168235731,0.08918749668188886,0.5683000371331223,0.2465351399038635,0.8276822233649453,0.07958535759538632,0.10148646105377006,0.6670531146825586,0.5340429586860003,0.3364608988195258,0.8598977454907495,0.7022841582448904,0.7124717232222542,0.46556043154831805,0.5947437159594798,0.9084511314501486,3.01605015780999,-0.021871591382225313
0.6119036310419184,0.5628368095016325,0.7867411728825304,0.6805796509797972,1.0238076297311034,0.6637949862672792,0.31784573315740694,1.0517467614215508,0.40016687524521416,0.6349983616302437,0.6598920089580181,0.5791601249820458,0.15354471855181762,0.8570208104066357,0.4468958573410704,0.11738188093602846,0.09372479941629085,0.10293628601529978,0.24565633171137558,0.14954537763029874,0.4990022647472532,0.4717894386908378,0.824925298458876,0.7027611976868078,0.8554557123841176,0.9212618571691025,0.5149767517341403,-0.04779697353279217,0.6644352083599859,0.25116101842925215,3.1844589081948946,0.03719786384631554
-0.04028051128198365,0.20349526737789853,0.7631252539042853,0.6898654493915378,0.7017759494529608,0.299776384129961,0.589756850017914,0.9141831485362805,0.930034003056941,0.7776002187361447,0.8787140993087065,0.45672289791914383,0.04348019075259421,0.6727716442736741,0.3971509893215133,1.2690293111446362,0.28565274031309873,0.7532332299207875,0.868504732791683,0.6756213643668959,0.13162954465704946,0.08158624342762347,0.0494565262197727,0.1447104745484704,0.477029117216078,0.6787831597755318,0.16789185746156932,0.7418463114762937,0.3000822664427906,0.21839803861252383,3.701015968215328,0.04203987255839586
0.3202851331779157,0.5546596160216808,0.29366247635660125,0.6315964464085129,0.7263071419627573,0.9121908982156288,-0.04177761448962443,0.11428934174287787,0.056461386247283876,0.2735445610830288,0.26897652583323856,0.5633805255951438,0.7247541078998507,0.8542453268045099,0.922442544701263,0.8202840307548763,0.1082588210666735,0.672820545366897,0.3277515356315128,0.7707168427749,0.23375886576057206,0.9863159377493199,0.39763791456823,0.8121314246998296,0.44163744989608605,0.2088442858198276,0.15071222521130526,0.2998757254196608,0.04515932558148354,0.2824218293443311,3.7048636704931006,0.06266680815037258
0.6268468310356167,0.6307864545362137,0.9656357537004662,0.8952056091035581,0.6290283764231421,0.5287474397956367,0.22743410357758156,0.6530622235728848,0.28065307915700005,0.5832224627306646,0.7485896105028366,0.7148228831994974,0.2045065570459726,0.8213243548378365,-0.06544007554366718,0.8391369808315904,0.8516121067497742,0.6471324624372534,0.3896537925698022,0.6102547351884742,0.27911878786718336,0.9069880607120894,0.5654513740670566,0.18739590246716234,0.5864581955717545,0.08284325400613553,0.4014844562177719,0.11530006071180138,0.570404207698505,0.780481284658429,2.9764342839018267,-0.09573313624321321
0.40410336538181113,0.014771750109549495,0.6252230276899275,0.6663329337032295,0.607424778109537,1.0251507234777322,0.1944065931209758,0.31158919483912856,0.6371046281785064,0.3381562257041097,0.5578523982547243,-0.08191997290792574,0.3858079544174305,0.9647378503745149,0.5024710280198753,0.2837831163797859,0.04044111349352013,0.4891927426851245,0.16795164504227364,0.05646130378822256,0.5211891957733746,0.846800170902217,0.8693188312747522,0.480711385037438,0.22242590793659242,0.61102074652514,0.6403832417528312,0.13452629863079446,0.6920023709269586,0.10924575352155813,3.158904410920732,-0.051397357275076994
0.9145869976873932,0.22228582718291778,0.7840611693665507,0.6239032645023327,0.15576489592754422,0.5662922951028876,0.05662356214987317,0.3408267768512595,0.9228194949465696,0.0726907137347089,0.7783332194481012,1.2425105973151844,0.5250561881997899,0.6696047936574882,0.06424580942546601,0.7671159289614233,0.6326380834144694,0.40283655055661743,0.7958474088944946,0.20844740112834761,0.7117384586872255,0.7903057041520941,0.5380431505179794,0.04449572816393643,0.6663092923905658,0.4630596890016097,0.3339103700605943,0.45221937203370405,0.15520162532336917,0.7911301875737417,3.641616116796413,0.145947155124245
1.0232828785170274,0.6172570244130415,0.564146774428236,0.12475188054514313,0.6314993018084791,0.42686251661642743,0.13020232373034346,0.944755734552433,0.9829942161637513,0.6037557978080869,0.4654617764459164,0.6643117096838307,0.8183635254714128,1.011497178470898,0.9498835653967519,0.42143350881024066,0.42711295472696703,0.6288514759962078,0.4469691916100153,0.11931654027975419,-0.18143544871912926,0.4574097124369185,0.5031802819598978,0.3669037592791487,0.32173457648597625,0.5222621916812147,0.42205248326079803,0.07379923269859846,0.06293732708697881,0.7894216644044414,3.538860880721917,0.06528551677223618
1.0355487083279709,0.33360043447127363,1.029642384029474,0.7599988616100235,-0.16231434663367916,0.13270979875144492,0.35477005037307985,0.9370355834967079,0.6750006482556785,0.9460682613806316,0.9575112939322487,0.5530973819514643,-0.10293286350532618,0.8097410145484888,0.13285494812914206,0.4519866402237896,0.6940982539054769,0.5034507325937795,0.7163445663922978,0.7651706248221637,-0.11898083728037523,0.5064400527054023,0.5001832253081849,0.46641464052571835,0.7186989807732747,0.5200317421234033,0.5976836160127582,0.6313774892306823,0.09099052253491463,0.5950455243921833,1.3270222445243063,3.0474706966225495
0.6165410992058399,0.21195077067604268,0.1136396341609675,0.5178460348617449,0.1617964652923061,0.9790493308383701,0.7163469940554975,0.6125711912207601,0.8937916895194536,0.2451885703027437,0.09745370760592648,0.059485203958010685,0.009225432865940734,0.04976403791592923,0.9227088059434121,0.3404729693296549,0.7568900158773424,0.2778706895617121,0.46340525479287975,1.0243625583071914,0.14351576886237216,0.173085819403682,0.5257295215786009,0.22687728168275195,0.43874789475890863,0.27354928330522743,0.5958116300606928,0.1108807004703791,0.7445803748426446,0.24194433133757567,3.2999916975864743,-0.07636839099004411
1.2264811981171748,0.8491802084214652,-0.028265226607883713,1.034336573587366,-0.1102310905580163,0.939831628675011,0.22992397688436056,0.4762065415164085,0.42877116054724546,0.5508887585821265,0.6519351531358123,0.636919894014347,-0.05174758209863964,0.2831161566819537,0.5892024032910137,-0.06448093470766572,0.9255637964448328,0.8988212063146057,0.4739762564174153,0.007381461477838913,0.8505055394980228,0.40111214609106116,0.43854695470672017,0.49849828394276086,0.5116878072516038,0.28866894336251314,0.5199791656116063,1.1570440170338707,0.9002343853011163,-0.015162002235340005,2.9009805104841755,2.446049938826651
0.023713502384865304,0.2672447825343853,0.558612074499582,0.36746105746575725,0.8253101654253789,0.09490113460771826,0.8230540707341946,0.09982868678179849,0.586881111024179,0.40483942708751075,0.3523231534183564,0.9303321138004894,1.0571797864187669,0.8865318369552481,0.3214917209846445,0.7092677569995776,0.5006209973235005,0.6976992960294057,0.15000966150780765,0.6283304409928948,0.7197769274120586,0.8279941366676435,0.44217685740128687,0.16622696705851678,0.226233927921584,0.4313604369460426,0.534371489200802,0.7863824985680541,0.15155270093413786,0.352715401625934,3.0626021684339975,0.027196145775735148
0.14178414872632422,0.6900999331342365,0.8848273394663704,1.024022493170405,-0.12210409995915177,0.0579252459803558,0.24246105496817866,0.5674532832353756,0.40104594329910004,0.30995919630202906,0.19125033053468277,0.40826646517982645,0.09315738388358621,0.1481001527258704,0.48999994662703855,0.36820846382488487,0.7930920600143911,0.7783650899835597,0.0685123055975967,0.08467818871354407,0.6410872288285656,0.5609988647235806,0.1634305215917068,0.0833107870695166,0.021619255779094758,0.19368451472558373,0.8405071556869829,0.4063579728902204,0.24917611538665993,0.3894078464137478,3.7348993387097815,0.19615600724007778
0.8753703289625491,0.04830604054086169,0.2870783395488038,0.477437332338114,0.6228786738549319,0.560827499387505,1.037179852760888,0.158966090435634,0.8606644847375272,0.021179505780079357,0.7402766182861065,0.45488845189557414,0.13767086467433212,0.08479866742041244,0.9682537268734471,0.8907104964372381,0.27512977000375416,0.5991073416359405,-0.0344300488166077,0.13905785661517112,0.3283021182785958,-0.005011808637088444,0.15904929868337203,0.9066790315036494,0.4010470114538369,0.42040227127504615,0.9455121537883249,-0.06676255017235598,0.01291798156103513,1.044079595856077,4.442165916251476,0.10677688453078088
0.3852150215466631,0.13796921003820684,-0.02426758040876378,0.6899239809190549,0.7944034882153547,0.5079778262265308,0.5613478044764191,0.3748911282949097,0.2370613078731527,0.6936517411291423,0.8419503792097768,0.8283826662338498,1.1075291792324755,0.22672257079662445,1.1239109184139502,0.8439079930555048,0.9006927348589426,0.6842759320547451,1.0377934615645714,-0.0880026268016834,0.47704940706997406,0.2809956060799766,0.30202134225593696,0.7529876178876801,0.7815938547968699,0.658978002065215,0.32112531695493135,0.7838116657822083,0.16137647601509306,0.08153158498731325,3.889306465433624,-0.10228823699754841
0.21418716849222744,0.756073928188849,1.067602130229752,0.1424689925765153,0.21496692747741455,0.09240398618689864,0.7980265407777744,0.057224346155579364,0.9372340131899422,0.06153283132498916,0.26188268454750097,0.6326068731224722,0.41947750832691894,0.3199852095782109,0.38513753254719263,0.7423649105048992,0.8846103071928014,0.8179087398247447,0.6281611209610709,0.5233083164051866,0.01493528509022557,0.652389801465294,0.42966898642157425,0.6883626738202433,0.649311125459386,0.7930951288855052,0.07237368747105113,0.4025236807550291,0.44412486633732456,0.7941584935753739,3.2220473467185577,-0.09525455491698473
0.24313541234362143,0.6201302842103215,0.37686394749342006,0.6413216000002122,0.7689102129454556,0.8013416004845345,1.046800336112361,0.7968143774156928,0.35470890902858765,0.8879482879185809,0.7518609830635159,0.8154138335852468,0.45497100130101487,0.7498558942088629,-0.06413564851727255,0.10400045474467205,0.7975916448411221,0.34740244745209736,0.700832724761061,0.6610616668910995,0.7389819643686321,0.7113798515368973,0.9014963099931398,0.2293933858971268,0.4591084774753039,0.713522484890658,0.7469544223323202,0.7104750927383292,0.8212157264415845,0.1467687885089672,3.093789202553496,-0.006795719632741815
0.5638368509933934,0.4254416332009329,0.9753090160701908,0.18901182527234417,0.7182743895251316,0.24106953864971634,0.6812212745643743,-0.0008141076618547113,0.6832251216481855,0.49571903054246047,0.7239239139588592,0.241225875272969,0.3918921001937808,0.8124308935365081,1.062152276282906,1.1633823605727214,0.08522243300579009,0.3432749571644897,0.802432027419151,0.1437815630588766,0.4741526132891708,0.2843902047470913,0.9517300079938016,0.4373701550297004,0.20415291584409273,0.4878217635014154,0.7158836332776173,0.8607531377959445,0.47244331554887387,0.08930209869551722,3.9701560048528743,-0.15828660044396858
0.8016972158942901,0.6937144460682505,0.7201019248748657,0.7398657020656675,0.09956120114231598,0.4690296578301183,0.8339084087405858,0.2525780718292702,0.014135620162141371,0.8403087819692432,0.38694821498612564,0.30678153733002533,0.860093020752768,0.16462186003808185,0.658780273346435,0.3047315883931544,0.5298341274832814,0.21268676850594528,0.18801400580341732,0.846953069716052,0.7198406808874614,0.20492165988222394,0.024751562194334054,0.2199229862158576,0.4357080750874185,0.21346121931106568,0.098404102717324,0.5084882599015484,0.8862033059538544,0.21233802496071547,3.5823184288983696,0.15312369861508277
0.8346624450006112,0.06985346808486453,0.047787992140618324,0.5055168337731422,0.057109661473981485,0.4432602160441681,0.5874385921473868,1.0209005112847542,0.8279063097237624,0.4312553164635014,0.27496101592011146,-0.02612992298276472,0.8141452365527176,0.4786484591137974,0.8394447190488867,0.7357076297745156,0.3956226344727934,0.21345857379747785,0.543611759500118,-0.03459026691595701,0.1497836896396631,0.5666074311711804,0.14598180298086935,0.5254597172560415,0.83965866480016,1.237678521096808,1.099807145845984,0.5464915649051741,0.4200125349495103,0.8956384066598544,3.8047244665332856,-0.10306481418759231
0.14300404447754006,1.2232730453131642,0.17476002511725072,0.547592831627554,0.16975122867061215,0.38709645448584434,0.26031849662253614,0.6263114796364498,0.55935709748461,0.5937291404344459,0.028405992526993384,-0.03601560721334737,-0.10372154316082238,0.38953770685667277,0.6243862941980342,0.9764119857370204,1.096753099593283,0.8512353112813428,0.5430627144481952,0.9973449441720431,0.2419457652776179,0.6899696588835742,0.40069673554495916,0.786614329116898,0.017604791456997733,0.4559178009855217,0.03390804776131849,0.3201450999842327,0.9706226415023069,0.8228312170950929,3.7607528334603693,-0.10367145725881438
0.7380949419509217,0.6553165770790761,0.461343130871922,0.8572034780559862,0.3254530855118589,0.3745032042899391,0.5854509567117593,0.3022710802250892,0.7747553588168928,0.8309810315861033,0.9024176076082853,0.7830293885491298,0.9120362738029807,0.3878882558159701,0.39215041705573306,0.07685446690201175,0.22183118489984388,0.3127544195569518,0.5327924904434872,0.4511468781740995,0.6575190251200155,0.8883561139595543,1.1130193834318416,0.015506203809963773,0.07967027507722557,0.9940777830200523,0.6875358778304408,0.18229230364886354,0.828117548684206,-0.07120576864749446,4.0910434363546315,0.0020772480659012
0.28232867627507063,0.6782766260676129,0.6983635881604655,0.5455105659315765,0.2116082908287052,0.12341752457768601,0.06666318501155924,0.7410268413252799,0.802936127315557,0.527356271111819,0.39826505189565886,0.14091296107784698,0.22734085510777624,0.24023663386385996,0.828632590639075,0.7724099197929898,1.0369287328405739,1.0006432786882649,0.8716935408212327,0.7350665137493011,0.07020865293861972,0.9393148611058622,0.6160071829546804,0.5373484844961645,0.049520451675998604,0.28418221680999334,0.5979173689407768,0.6929012304729605,0.24821058603488136,0.23708953492809123,3.4285277923338797,-0.23294080430412292
0.8026871826577295,0.34792437677600274,0.18266932105990866,0.6946388310583855,0.36618694895490944,0.16091752390177966,0.23161816268530414,0.30434224203260385,0.6601092716603195,0.3479533766292812,0.06785634882954128,0.08294780225522355,0.5421102625133691,0.7948791955672452,1.1197468375611503,0.3834370828242798,0.4860137590288788,0.8821256899837943,0.6181363239050489,0.6820923008842557,0.31339153257923147,0.21055918919178906,0.9216593195567317,0.8390906113578368,0.6104989294297789,0.5877241348684556,0.6961047730370606,0.31427804382083774,0.9594528562417415,0.1811478613995729,3.073293727949867,-0.015558495954000743
0.36648485437699696,-0.011842289654964089,0.46120131014709487,0.4524526143207979,-0.0006965258949981554,0.35588518852210577,0.22681372112028397,0.34667030140966293,0.7266571217411139,0.4002273218607425,0.4129487891807663,0.9736229046154402,0.5790264766623346,0.5216761893866009,0.17367434666591303,0.6216325849879181,0.5880375312336189,0.1281229066015525,0.29461849167021004,0.34958018828179194,0.2672982394754669,0.6885949636648859,0.15124413341198012,0.40810288762001656,0.6570611454448028,0.5512150677109415,0.6647300379400924,0.34113206607349744,0.427322995574737,0.1870042757795059,2.606224712660846,-0.0670218060754146
0.19647791452414218,0.7292818086764357,0.15204203337718555,0.04332250059103421,0.6153436641987847,0.019424705727826768,0.662530536192475,0.31824524653152414,0.4766721324032251,0.21233599310549894,0.45936153987554595,0.7574197698602558,0.7047337842534066,0.2837590350866017,-0.018730109743028134,0.443340976426704,0.5977536620394084,0.23506625854316426,0.2794572435445989,0.9119682012510624,0.9690875572673313,-0.09201240170481283,0.7345340160674738,0.356867108112928,0.6054428197235879,1.0035591270488105,0.9281376049783757,0.1498375020478497,0.5566467088056595,0.7675989748640712,3.5732687981884523,-0.02057409886684164
0.7959321309396982,1.0463802903935793,0.10306989755425482,0.6691058179155123,0.2682242159585476,0.44480415797802086,0.7877876454663403,0.8357374138772298,0.874489446054707,0.09650204286753329,0.47069298081488303,1.0321104168430806,0.5371133387946248,0.1647303683197029,0.19791518856410037,0.29508871036307255,0.4689723205066773,0.8558722208073539,0.3310989213293979,0.7623611713536399,0.7542239450270594,1.0470427532246953,0.13823780569595356,0.6112776734367136,0.8019434987587127,0.43317150958382566,0.15517639308816517,0.8169488609646034,0.8086842260207292,0.3288024749668287,3.225798892490873,0.008109213903938834
0.26445543528604415,0.10194276184639392,0.9717823975573996,-0.09749191781939444,0.4299892434718707,0.8177758883321229,0.7978556687856515,-0.03187060354059282,0.12061572176593656,0.4005953582740928,0.6444896976215644,-0.15047420665421934,0.4119588093351607,0.5404958799508771,0.648717758007642,0.7807880768848761,0.43942874058755205,0.298506499397835,0.9554677843839497,0.46455027882408084,0.7901692502022805,0.20847050024517366,0.1000903476201842,0.29442175452609276,0.7208809541361502,0.6877463114255599,0.8569978256394528,0.40153721228980493,0.9280049228658345,0.0832362665611016,3.2340305450004743,-0.14916052014907966
0.08230558190132932,0.6108586497250935,0.6682917514362313,0.2913587979110774,0.22584286208304752,-0.03297443234058774,0.5334126748671064,0.079760326189743,0.13047690328464204,0.8361365656541409,0.37803149982672485,0.591876051915542,1.030371897483709,0.434643272661036,0.5162417137653508,0.4587077314742848,0.4715249326668654,0.00948956029481509,0.7921376096877875,0.8287747549391461,0.670234820204591,0.4087654027539992,0.04122541151288586,0.5401137155641512,-0.15627856434014076,0.49718335408488024,0.8477256810438805,0.6119027399714763,0.4811799016133279,0.6754749038466781,3.081339404602681,-0.10925200142168366
0.6622260448942049,0.2874606344150985,0.5140208266825437,0.36596086853309046,0.38234014901433433,0.5901848215335469,0.2699640881964862,0.882561104240913,0.3429490243780164,0.25594495889390756,-0.07023653269065883,0.37544725321584715,0.1793422365615514,0.978390663397676,0.6560691498335255,0.10736031423803657,0.2596010128441476,0.10452255894727605,0.40107898723933394,0.8697564835998769,0.7916111948655679,0.5852923216047963,0.8464788305997678,1.065454310157539,0.7212464793959962,0.46732829127032344,0.8720111661857404,0.28631441462490825,0.2862930371651169,0.5064227363659123,3.29814512559672,0.08614833281703976
0.6746739092618856,0.6695325213193799,0.23421014955534597,0.5167063041017566,0.6532966128701927,0.7822609211976157,0.23897726101530598,0.00662061617001837,0.7529798726141754,0.04848878952344529,0.3957265992901374,0.44225278191220346,0.1851165449875489,0.8579116090601834,0.8561117993712335,0.10441311506157601,-0.031092457743741975,0.3432520352994561,0.6104657204857489,0.9095008600677416,0.41258045127000603,0.201898849814842,0.42418469277948634,0.7951244194608506,0.3748071154570697,0.915694322732812,0.8482245305850016,0.7849962757535477,0.6021227560512399,0.04311158819347395,3.0342289392030293,-0.032150324051824435
0.9872513277684718,1.029747167936926,1.0626550337239888,0.016319738822030624,1.0904032260063932,0.3586365012220755,0.7675028961793378,0.20047842756403983,0.411197867615438,0.883890013998759,0.30399045134196934,0.5871874092784124,0.2767791263438989,0.32012740577179244,0.8321507823506183,0.6029634364568228,0.8378069636295098,0.5382984195804881,0.846995179343739,0.3660060193458168,0.34909531045116127,0.9239247033430236,0.4535138538983774,0.33136139918968643,0.3977615806253523,0.964890494460061,0.5354720848321712,0.5502990385994458,0.5292177380641994,0.7828104758187256,3.0765528074143114,0.12588809882686
0.422222147725327,0.30034835068767063,0.044506950138496995,0.36244488557663934,0.4145471491922269,0.534511394467374,0.924720932733435,0.06761747269321874,0.07760657119369761,0.32004091790397077,0.16264075785863358,0.1053123315589461,0.3024043273835984,0.9518844226936147,0.5542771510673042,0.04410092388641542,0.31695098297251717,0.5348481026250638,0.2205000402953694,0.43785069310412056,0.5114343220884998,0.8751267535233314,0.7902049661630779,0.8815241306224787,0.9121047637012792,0.10125028709784276,0.6218093691963587,0.748893433073308,0.21683563249135712,0.46706067857955236,3.020355346337972,-0.08295045955568663
0.9045232822202149,0.6999656137496177,0.6700844350575861,0.5408063680954798,0.4249428216259631,-0.0017498698497713343,0.3922918164084228,0.5007568186597425,0.8209977532355759,0.2816835685833221,0.43203741915083504,0.03804858505370038,0.601091533422947,0.27399750272850987,0.4096321704756346,0.12963428018059578,0.16902523351099635,0.548706370553617,0.6124085290684698,0.6633810352407203,0.714689158178713,0.4553040059732725,0.8734675391377871,0.8634718533580782,0.6250667407464998,1.026727176937101,0.6786506463270078,0.5502581555273077,0.3188770195694902,0.4070178137647738,2.681456440911263,-0.11908128101244102
0.6326874064227779,0.14498858096917813,0.725851853966844,0.1382170713715229,0.8555400001085922,0.8239608123576467,0.2656326698573658,1.0203932154720592,0.7189668082566099,0.03223965131848609,0.40642070046552925,0.08459905993919542,0.11548834191497749,0.6899866424757908,0.7197153552643527,0.25565623516289643,0.30724026435820057,0.869568280581096,0.6537532498847728,0.7248424501780432,0.27576639443368245,0.7378109133493537,0.7180650308890523,0.13852507026625208,0.815519154517124,0.4728208439340586,0.7492630531570779,0.8188022617451304,0.7578292080414257,0.09689582332604076,3.9859380643440327,0.2588807575736609
1.0450474544654873,0.168645577964537,0.17820107507159727,0.6376838953124331,0.6578709837516464,0.28495751368133226,0.7341257391913305,0.4869837882926429,0.6258369139767037,0.0477680495277988,0.4125793801916528,0.08604903172841798,0.9888294230182093,0.18580786126177135,0.33952846732315345,0.5576550576815154,0.35505523793433513,0.05441638600463203,0.8250908425337273,0.510510052772158,0.7370467707730245,0.6006263421379011,0.9278259191789667,0.4145627072660721,0.09443188216343648,0.943465414917496,0.46140622963106137,0.5882517203948203,0.5783802113304661,0.7536399687693007,0.655800833439337,2.737658061276763
0.8606927505590438,0.7376088061091919,-0.1812498616948435,0.7716295683868628,0.6180230376362676,0.037545868825071244,1.0509512358382815,0.570685398406377,0.8562113051375744,0.6298628390217414,0.7459953807421064,0.10402621532318568,0.4268729787506834,0.48009342280835177,0.7140925280902948,0.8240584157566783,1.0529548844618772,0.48301732920507173,0.04129867450226669,0.10930209625957897,0.7859145690206375,-0.03118151856562852,0.5585982105881089,0.9547913885851509,0.8808594659716555,0.7568539864262721,0.20071181081352266,0.6518352884008486,0.6357030385845888,-0.11573768568467026,3.6732567212400937,-0.035027288287083756
0.25260220732528554,0.5880809553033697,0.2740562768263566,0.3871588986222167,0.15573296078235427,0.2599637840190051,0.05834085882988208,0.5558793968808126,0.3923253110465177,0.8433696028715468,0.6021483202674759,0.8974503112088815,0.386789087404743,0.23620639522545472,0.8689207471608347,0.7553978774042712,0.6132836428622968,0.638763719429854,-0.0450139523347582,0.16978554823521938,0.3056133009981869,0.5517657291727364,0.49028114801554007,0.04239101408414188,0.9878127834638452,0.48239371987852186,0.3442722742387154,-0.01862636304825717,0.024653521043616226,0.5264602972157254,3.497642764747488,-0.02249270384292781
-0.08896219178550277,0.34556325553131,0.500304252254523,0.10699276650239622,0.21025024455904215,0.713540939397031,0.4631688297039955,0.37547898223341225,0.8925043027266297,0.9991469718218999,0.6787075604295028,0.028611567708155785,0.5726369375748025,0.7885405812228934,0.7881210348906403,0.33197560896305145,0.5739601795902061,0.7627485404456029,0.8493167048611915,0.9110171360358514,0.7221649105846867,0.6251882242176863,1.0885589484635683,0.6995165003096167,0.7123225224576535,0.14362586012171485,0.19950809780790993,0.19316350322526754,0.8513095195023744,0.3293713216964675,3.257754957536043,0.0035814007996019673
0.6915899005424913,0.8453626014263752,0.2142578895136305,0.29042030955227705,0.40540683483752316,0.19184025056969478,0.9545799248744492,0.30641479274905487,0.23663171911484893,0.40720008291929577,0.4170698679572912,0.7748746027372158,0.4160232410023037,0.9105699168710324,0.833363459604807,0.8356040887708838,0.02843549212564735,0.588454298666781,0.026031755300725518,0.4381659632986216,0.7285278650779057,0.8329890416340331,0.4376835530614207,0.3195644782863857,0.5622156302834992,0.26178618882646304,-0.06584363643559293,0.07155435672019922,0.6764509049767349,0.45441193231687044,3.4760120360096907,0.16795876611135788
0.819938766511192,0.49082167600501003,0.2756560390897247,0.7355491785324222,0.6634892126415111,0.2564462746460317,0.9527007566997608,0.45765138615537265,0.929695807908272,0.16225015052673394,0.9967788263980693,0.9329424770168984,0.4227497334869701,1.1068117726193445,0.7363038562368112,0.8146794618381734,0.745423052252576,0.07095411304403174,0.8992254701616778,0.5751207300553742,1.0851203826003273,0.44729925526010705,0.3151191860499068,0.39952697376413426,0.7535517378311465,0.4805510947379043,0.5868536070571441,0.6644442695137831,0.6023862263503404,1.0369645073735048,3.2759340819737,-0.15871009275489573
0.4906276193265238,0.8919115126512455,0.6441657692247035,0.3848012703968523,1.0565802337464931,0.9207696228203772,0.7488989642232071,0.620973520183512,0.6761653877301602,0.7487259601282211,0.43932865841124324,0.32970040111930343,0.9955236697798845,0.7650892004352123,0.20400685464445947,0.8781411760357368,0.3460625132773147,0.7276699535510821,0.14245107598732132,0.5930635250631802,0.8988696313432665,0.8305103152623761,0.17189685612436528,0.7310217985543154,0.08470518895608176,1.0212292874582005,0.2506528479947121,0.5889763647028946,0.1571913390780971,0.7321249963685255,3.3367534818291804,0.1542658383562136
0.5244623706649509,0.8256162370794646,0.7773880217129185,0.7499189375695251,0.6874685478352716,-0.0494739344810039,0.6984086968587784,0.14744026159293633,0.519995751339362,0.36365654696305433,0.5843219046589173,0.15411804650001812,0.3897916913966486,0.271317985744755,0.08100869354624049,0.6841904186853172,0.11159831482612612,0.2795245391209761,0.031074091168805572,0.5111233045466705,-0.07510366950365915,0.23095548946225175,0.442456202046839,0.734258742725786,0.857244652539475,0.23863795069192267,0.45314573575526607,0.1798801555419848,0.44373464786344635,0.8033519148074396,3.470101446562302,-0.06579320216179439
0.7710088856983807,0.46330283606931033,0.1085260451645485,-0.009813199113469201,1.018098455386069,0.28020790445466126,0.14696335938793997,0.8590054030935736,0.6095203633986108,0.2524255191234892,0.6976944626304908,0.921877595440179,0.8032033520888858,1.0264737299908742,0.5418307529916055,0.8692527495650686,0.8244769320638365,0.4225817740522731,0.12240585793311343,-0.0596709407561711,0.37264330381967115,0.48147807051565666,0.5453743007755545,0.5913928431979486,0.8621782437913342,0.7784747857043177,0.03559712928715594,0.887990921784408,0.3273425992323317,0.6585853606278185,3.5650817488936433,-0.08037054305015984
1.127843037983417,0.8156314590703078,0.845107704911852,0.9394151225190723,0.3191133972592415,0.5419833244078305,0.7991945348442439,0.4221700754772789,0.18967973274021122,0.526270265390706,0.9068941079321406,0.5682124981831101,0.34153401253442417,0.33019137698545314,0.5048619835459126,0.3589671991558022,0.9220985532604905,0.819586571127328,-0.00030689688101417575,0.0769271850643792,0.4429922398918661,0.12986904391581647,0.2454914386367559,0.15539156336288473,0.8360468952872728,0.8569976421142426,-0.033614507804545675,-0.1383823596844656,0.2496446289906706,0.416495827274579,3.5619105288562833,0.05834755284303197
0.311173057610374,0.5917251110830523,0.17954586787864013,0.40353555925146023,0.8115691786443423,0.6413130093909419,1.0504095796497763,1.0472820153630467,0.060604482125606846,0.8331534049657654,0.49105732981490546,0.40158002456528324,0.671401532548017,0.12536858084352606,0.8035251090351937,0.5375645520776975,0.09425268418350645,0.6134989783877903,0.038151335487133155,0.5770122567973324,0.4646712581093048,0.46992954622489846,0.11675282108655047,1.107584931123204,1.0003680878318606,0.6382536368828198,0.8276240866057998,1.0035985661805655,0.2518682966155689,0.9926972577160253,3.945277859948972,-0.11744506137785626
0.5815400032054843,0.6925227811443537,0.41112347836725943,0.3822966322925063,0.14045009916149415,0.18963139497232326,0.668684033909112,0.8883141245213597,0.22593103353051752,0.7754391512854178,0.3210041400199677,0.2483132595869506,0.16846720637025314,0.5005908160897656,0.5934773915769457,0.18255097797660755,0.3831753273202051,0.5521265193621714,1.0271931428077936,0.33288362226301665,0.14009895367410422,0.43678618270016656,0.0986413909118375,0.11812924340347307,0.45884023029944854,0.7098663717799815,0.7940667915055801,0.8772679916913751,0.40953679456176817,0.9901828753481355,3.0145151325055486,0.1329557396000053
0.4311264166232406,0.06310621218530936,0.8727984879027695,0.03157499983919504,0.9245754832528509,0.33004172298907586,0.6048510412742811,0.5647337776162349,-0.17130011391991748,0.8901977653822205,0.8873462011070923,0.3383735352971358,0.518333505552083,0.4285745573856146,0.2647397771633448,0.3006657146151098,1.112094833071444,0.25236683561407736,0.76750544563091,0.657234584524957,0.39812984166881127,1.1302849407821993,0.8282490695412952,0.4427339974794054,0.6765461969378554,0.8069579090420842,0.07575634040485008,0.5582908717018598,0.6470376325821087,0.253914126637229,3.4942014910687624,-0.20260973578972405
0.763750676344472,0.8710928684899929,-0.019783161372501107,0.6112491231436711,0.7132965146314716,0.002625161587384059,-0.003828784761497891,0.4092029862543264,0.5780286299212238,0.9788335114061816,1.031967822378665,0.09809258284667347,1.0525208159815922,0.21150930304636928,0.47606907006270466,0.4746423124815742,0.3472896134371216,0.07449312463645905,0.8222733325437259,0.44390720758389046,0.3235100649697432,0.4288018469912006,0.4893499976269974,0.732861455660256,0.02516811577779894,0.5043726063236244,0.9021105068133958,0.20962172889341557,0.38172308605796923,0.6148350996048005,3.4534501608106662,-0.05774526134152716
0.5685838275958298,0.4745681573665221,0.7713074712328769,0.289204971334953,0.4829218805089365,0.11870046086215374,0.07867259471869967,0.5347089438740508,1.0250558252057476,0.48198754853268355,0.23646167201408852,0.8089044977452314,0.7795287701011834,0.7586408308058716,0.34713660044848305,0.22432029736068593,0.7147975309505183,0.2443377707174002,0.4627242621871259,0.7839182250545915,0.8298709531568179,0.3751558615233351,0.2643717823297576,0.24821887279188892,0.5116189573073668,1.035214841710561,0.9300692538145863,0.18606581918451126,0.8052773225045996,0.6088436036230255,3.5089220569791415,-0.10557652392116726
0.8173180718849626,1.0232613951746625,0.6204632802028155,0.03394385782034568,0.023341772966597653,0.6513163029190954,0.28829658997861907,0.9390137989753552,0.354294612218838,0.2818686063590041,0.8425214564445525,0.7849872579715416,-0.0027640787651172487,0.9127452522797785,0.04561183659103002,0.037474609218656016,0.8813525328453802,0.6868953524585599,0.6015616460625759,0.13844460326331254,0.6677462626610767,0.3088636729335892,0.020125961597076043,0.9415561461820968,0.6755193147828187,-0.0860491540438665,0.7037386829745288,0.7580514307407872,0.11227800652850915,0.2649342590410598,3.6547787892454906,0.045830413030770095
0.5914690546922033,0.20038263969698292,0.03804366455581962,0.24089287709439194,-0.030348418078890382,0.4140740901954494,0.8249588382797252,0.9382086777638272,0.8877634915676529,0.4957973509647495,0.9131927679424839,0.4933959118583362,-0.04533451688036827,0.35570721806486666,0.7361882467344522,0.4990094351040764,0.9899084746609776,0.45093312037463396,0.23673366435366067,0.31807620597726777,0.9876734724541028,1.016539713440642,0.29313218864939944,0.6005288001129934,0.3149785689219144,0.0625754373897222,0.775458990770565,0.2071472711182025,0.10652770737787255,0.7480707589807293,3.6216712648062646,-0.08315103610742534
0.9063511901830762,0.065615191844824,0.4496281704960746,0.25647758630889034,0.8733341330714367,0.7123809127174419,0.27000187823130817,0.04912858060503064,0.4116767227691801,0.8195375658713333,1.0278942126081074,0.6468082156945152,0.9181218749487279,0.8744539435829688,0.6828391637113809,0.5242544777607485,0.6211410180435575,0.9272163903914998,0.7355630287668606,0.3046572173862886,0.08800828454595011,0.3453977908823922,0.8719020275713343,0.27093156249700195,0.21295104575440787,0.3347058928760803,-0.16074910988217378,-0.09480718054851553,0.5014980942612414,0.09265669149451448,4.170233822139968,0.09958950678223538
0.018570793979790855,0.83496211081009,0.4833812599099555,0.346108256478003,-0.046986038297846894,0.8263816596111065,0.4256281368510783,0.10137694740435849,0.4428195355030738,0.738340933357248,0.7816990591984193,0.6906810869855876,-0.010904564350725128,0.0633478503869569,0.3410388873046407,0.6803788376934624,0.5554605285746113,0.7979266587069045,0.916649006673806,0.027915639995796056,0.5125178233976201,0.8595673130795324,0.1385724455354133,0.6534003176479093,0.8498471693478362,1.101468052250409,-0.16109567092697416,0.025621382319005015,0.6880411181590943,0.6618533250877167,3.7295792586480454,-0.08967542450253183
0.16906044500269907,0.04535317691433876,0.8081033049773049,0.38919297436402833,0.4319951610040103,1.0038676028369609,0.584447207986309,1.0165984737565283,0.03377812871715204,0.27688111186119,0.58677866516788,0.4089013383816922,0.9029083420556845,0.5080962240229013,0.8653346708336929,1.0935600818127933,0.42707968794505846,0.8989551527245778,0.6772011176951143,0.12714952550357148,0.12824541096714137,0.798277264383628,-0.014040319900773285,0.9789673575445761,0.73282140697235,0.4235697359322996,0.4658803417038813,0.004435746004899941,0.19539096706101544,0.9888929770600561,3.84543585388992,-0.15424989677936532
0.4031372028902802,0.84660101295639,0.28767091931987887,0.5222620034584428,0.7452564431382902,0.814079210116264,0.1605968197191958,0.9810313533316418,0.22405856924971124,0.09729178090525276,0.3624304118944535,0.5225950330709267,0.31259076792736984,0.6089290623682124,0.0013172512050828727,0.27406464038128125,0.8258910504636459,0.6861263285924551,0.7588148921925358,0.5651804514423193,-0.0008809674125170586,-0.18900402177253844,0.7894124850463448,0.21851619214091939,0.4825746502145592,0.7288631744310458,0.1956276331734183,0.6511479136589912,0.7279144655988944,0.8838206525580657,2.9220508822995392,-0.1204508774238684
0.04383805157363721,0.88052305798559,0.2458567334819557,0.6743728128920536,0.10511960197979775,0.5965019458186714,0.08388587823941279,0.8856099800915479,1.0083417731853264,0.5431720364280179,0.5996381977058245,0.261892988487957,0.7034683880066851,0.6331256871802058,0.7882774864809258,0.17567389881209022,0.14626690170559753,0.5387901391367024,0.3871359687329048,0.781539403760696,-0.040479016340937715,-0.009708013356150735,0.635031323608312,0.3121910945731797,0.9116032587512455,0.5285614511644876,0.22604412576083632,0.40219772414732213,1.0015268531037562,0.8204421788497587,3.7706715198997065,0.05005782423922352
0.6434863750590705,0.034871593060760514,0.09227189047005371,0.6182443400236903,0.41036186933965685,0.2520808029951122,0.5439308926228748,0.4245256296206303,0.74645436488391,0.797361696601443,0.8980912742211571,0.0393120681843553,0.22420242782178937,0.4037775892540537,0.7179516066238806,0.9757230342203157,0.12273591620865033,0.10911558479340572,0.2481753437512709,0.892698713905914,0.8706563495466012,0.18681874318132302,0.734186620785837,0.30777018271165285,0.35877284034987045,0.6728402061085113,0.7785734688486083,0.8359259180339714,0.7089756406797249,0.023706393668923086,3.630739223962078,0.09023985383937295
0.5662800564766176,0.5737896652638299,0.7046615891820311,0.7548926875621256,0.11715828532056177,0.3810073133950612,0.07752522677225679,0.644423333424043,0.510258159425964,0.020865795442451263,-0.03921012731618433,0.4628910450842177,-0.03848607434996583,0.6286130450314059,0.31661542407031185,0.5823616332052092,0.40376452013238656,0.9818087133164067,0.6911315857750039,0.4893509282508135,0.11489016022499718,0.17780361616456675,0.6619007712791105,0.7077507190198481,0.6538328492928307,0.327331435714147,0.15190484978424365,0.5572137944890153,1.1059251753282326,0.8418127735563398,3.301099339525966,0.03104713018597434
0.1783880392837068,1.0029486207563703,0.6189708353441116,0.39904624963034124,0.7881683124135932,0.4438590524539856,0.2238739100999863,0.7112617031805137,0.5635771041618686,0.6265082931181276,0.6368149903819252,0.8511276369423794,0.7502824245621648,0.4037970804385348,0.22348629405611264,0.09848896353369832,0.536279446065198,0.5287174197399667,0.5270367379206234,0.5746914956325042,0.936899639463179,0.48256413564328443,0.6523735181566928,0.649309664076821,0.29751523012232856,0.7730798763733355,0.4137630222679336,0.11584074682976137,0.735218377759052,0.03857061409575222,2.5698645108249774,0.035760964967375346
0.29639773255255936,0.3302871705488746,0.578628863987988,0.7983247874014562,1.047091887753159,0.13333538369063208,0.21490613024882976,0.8812348439739074,0.8390874249919269,0.2108818257759008,0.44466181446279435,0.9744321737883879,0.2850297508998085,0.8134116960070147,0.528272190561634,0.2551227997843745,0.7868069163710021,0.6440306496842094,0.7239308009644551,0.21016663601977023,0.7583739875609401,0.6205879369541166,0.2952746588441131,0.44512166494005173,0.555375012205051,0.18982834133620385,0.9754606103630661,0.10570048771419825,0.6047059891309339,0.5496402038219004,3.267787518002517,0.101814042044365
0.45093643166148106,0.1799564519384511,0.44566843176808085,-0.08635757110106519,0.5133973376126362,0.9316149904205517,0.22616765458945343,-0.03416061869577308,0.21026556285095674,1.0631631073248382,0.36256552568678985,0.7078791685162709,0.5775772786990427,1.0117654773698814,0.6772855088454486,0.22457457457525298,0.3328510172985311,0.09932461528590902,0.4535144990597535,-0.21975627557320093,0.8625764317318457,0.573656660046966,0.47768102549065317,0.08233755675415802,1.0628814062335223,0.9743831365340859,0.054430517649302734,0.18067132078683915,0.06491753442734342,0.39747798412452073,3.436785356392912,-0.10068692315667338
0.17830188608312902,0.8253946088336837,0.7494207365080726,0.893482392960323,0.04990969349650035,1.005143862569141,0.5855000742748001,0.37768665099815524,0.2282818667939233,0.5176883030498662,-0.053529566863913386,0.45986323451179767,-0.004338710703900073,0.6078075288740513,0.47678587920867055,0.8787770782974295,0.48433945422620944,0.21256616737830497,0.1825144568516728,0.7827361654951335,0.31966774768216394,0.60041188548974,0.23974326373755223,0.5777362936337413,0.41324863308906307,0.8602290767508987,0.6032559618338768,0.8838709773654551,0.857365977047408,0.12052787487018685,3.566701988144094,-0.028251099237939472
0.2377939155903708,0.2374382112315626,0.5116216591317087,0.8430459899286284,0.6240773095974758,0.9471554042241492,0.9475042964067026,1.0509615936271712,0.6211281473408214,0.10222559254161129,0.32549245020541223,0.6943839790060029,0.6780493751702379,0.7575349877950712,1.0255420651362264,-0.07690787192448584,-0.23356649592723816,0.02783074735433702,0.9966185130560852,0.770781934201452,0.8956184788461209,0.5147810154576365,0.08297120857854402,0.6260545263376138,0.6212605219985003,0.9015940659747635,0.02022558615835149,0.9543027110325673,0.5234050097702209,0.8545360511812283,3.6127710390512755,-0.02043766386215915
0.7698795473887903,0.7049562113420196,0.11330744332100083,0.01953319869924934,0.3876417940379131,0.6125613809817413,0.47832731396113004,0.2750003197230687,0.510427387648618,0.07061341683691684,0.8701149951268723,0.3178802827221946,0.7299938791840723,0.2559470842763475,0.8824201326669476,-0.12136414039990337,0.5857738253772591,0.4450274752255533,0.04912183488419265,0.8181201744931084,0.48824385658880187,0.017154354663421485,0.5750410561263732,0.04720528555756444,0.644926190174408,0.5024859872813529,0.6931630761116664,0.4379827127471922,0.9493323653240978,-0.023237771815917956,3.3901519332666434,0.05272563148561789
0.6181833756661221,0.04090431438474857,0.3570601282959875,0.44280162559934694,0.954115961617992,0.6593782512173199,0.6011123926566371,0.7605796728300853,0.22308380685792625,0.5003269909845216,0.6637947711421271,0.05265728023384996,0.6504988267857281,0.9645540181499928,0.9075314597689993,0.8720503241177152,0.42422641868461214,0.8943321195018744,0.6869631239496345,0.9663230354240775,0.3262897795723606,0.1099409632576732,-0.039644401172704374,1.0390322591689123,0.9730491833037589,0.38760653899499753,0.8248277769290355,0.18950148158113692,0.8632592199670449,0.22316476271735214,3.9002188184023567,-0.02883158625451403
0.09287206598270846,0.9707272888897214,0.8578190259848086,0.1420346456498881,0.4112576944715384,0.21039416956875856,0.6127425314997341,0.3372169936428118,0.4258143816860203,0.10618004450112256,0.9366388451822664,0.8280739704882992,0.17738779075220076,0.26235683891330164,0.2806363052636489,0.7616822549759175,0.9322761889384016,-0.11078370921168448,0.9604660526615028,0.37644971039772956,0.044825995279122344,0.3250197860887947,0.25498661175267556,0.34097641926279515,0.28128822488827,0.7265404011775778,0.33096803721554263,0.6086205594008932,0.6656890561958042,0.8360776886043653,3.713096410293243,-0.08654192041455216
0.31702936685831856,0.5285200822639491,0.8253631374555686,0.27045671638740904,1.0152807453213508,0.6126471141349652,0.09342440121693199,0.6227844873147095,0.27672436909306575,-0.049700604619487124,0.6182896559151636,0.297296088210671,0.7222319736357721,0.05309545011416445,0.30493855379670254,0.4808394862403124,-0.05477609042405742,0.0454188865605715,0.6288676062094534,0.9835242882704641,0.6116280581952612,0.4946925669413469,0.3911240165864448,0.048823094927958555,0.7811877565502202,0.7990771922469986,0.7947551006106083,0.7436143490569834,0.7704586548467308,0.6615881986784968,3.3545344606434493,-0.039556110443121205
1.012535529050252,0.20011880649054398,0.6650032234912437,0.2644834110642794,0.8029452742319378,1.0900093585486517,0.16324565158740909,0.07158411896715805,0.6538682225581456,0.7813781416848881,0.419613668239503,0.09913875138085101,0.9054413921279315,0.2280257242182523,0.6149322611594952,0.06628653990939792,0.6019703517559418,0.2851694131922749,0.00886574436971502,0.8977616029602522,0.021939101246266104,0.40699942737735595,0.7147334471890023,0.18635433786885147,0.4433202498394106,0.31448877942539516,0.524291469894259,0.4770068389806019,0.7738822198323513,0.5527847605340651,2.9734410462171894,0.05996074123894962
0.1448350747853513,0.7647421301064817,0.7279331058332389,0.3354964703797293,0.7734829084851631,0.8824827896869287,0.7489308699900021,0.7476780730396835,0.585145628270012,0.6218072610648444,0.9772521626283068,0.628119594813461,0.1963029035109665,0.14585869399899393,0.16034498644122552,0.35810957434892665,0.07095336995298959,0.2550684413437699,0.05041304852767903,0.8507293062495519,0.21684186557962393,0.5359034123434387,0.8034521837754938,0.8757113921617435,0.20908726602521174,0.09799860537708577,0.6685571809396486,0.6711225521829112,0.15710459150174352,0.4268523270452561,3.7706675657267104,0.058325301657293174
0.350504106104914,0.5803862157674949,0.23347456209338024,0.22560409721180902,0.7980026907859084,0.25933576007497494,0.6534763638981209,0.5308215022417088,0.7782556218312398,1.0718949971064404,1.0464803230923532,0.0829629598757847,0.3652405899648716,0.9475756488658676,0.6551945007230465,0.16213816556437066,0.23305121423985703,0.10543059923913861,0.3105394282749422,0.3683181944165191,0.5705523051340489,0.21793065142668974,0.87427124166184,0.25654269098807525,1.087533980710529,0.38015345839189285,0.012148720488057443,0.5139512624689663,0.7045620698516534,0.9061632647441541,3.807590445496571,-0.10890835706633557
0.9247656730114829,0.6568446847305175,1.0879392080663295,0.9419168880846123,0.17387368524223057,0.6775389113879813,-0.06053071487937316,0.46704688499278,0.40437984524978604,0.4614492740315693,0.5309977846983963,0.8356457616331365,0.4508244668845208,0.7742792116143553,0.11267537754143223,0.6864445726763604,0.5005107405276316,0.5598538767349911,0.4037994781937359,0.1994532373751444,0.8006608060731419,0.5581932028704387,0.14294160806747674,0.39579376624884677,0.927244344099051,0.6598072923968938,0.657195745426168,0.28177684049405455,0.8275549963189751,0.2753556661990613,2.8642582707481528,0.16618426601367114
0.5028661807239279,0.8350292798562048,0.11366084731132925,0.2301643638408508,0.9504743678006675,0.5033294021818869,0.8845079543593339,0.3371777775013646,0.6438880482334003,0.1158241380099049,0.1653486825125221,0.16118966676040564,0.761986571618332,0.7873840088523906,0.517411492251258,0.8205682821057803,0.6397863403936933,0.8362341408667286,0.30684459190359226,0.6424772898583132,0.43718936801403385,0.6342220241324201,0.9679946601622015,0.829750026077103,-0.07932403968452229,0.05583264120787615,0.39420528779152303,-0.024237779934520476,0.8651771547681005,0.5565117949814421,3.8098163292394047,-0.11685578823003258
0.6393241099499892,0.8973352409862186,0.46936182631653256,-0.07026662423364037,-0.046311592317306416,0.6508213737671656,0.8795615968007384,0.7269129203598436,0.46792119135842436,0.732954360102954,0.3792707003485318,0.67244175918537,0.17877608391063105,0.2808744648592193,0.43727792323225523,0.6519180729348804,0.5204196334280066,0.2199599876544357,0.24601381676318526,0.07296901833669342,0.26724004558662584,0.3625746779215755,0.6228799680820402,0.3085956712386541,0.7407331408403521,0.4085837092928542,0.6042867679118219,0.8356074872219729,0.40124739139555143,0.1919587207689794,2.8694876752605714,-0.06995602822604442
0.3190599931273453,-0.04120916985128313,0.31278262978983673,0.234321939935304,0.301795086701192,0.8512193031052381,0.1581019257762742,0.023539350385051123,0.7897208717785129,0.15485338743496033,0.006724034787587107,0.7548510576060563,0.6047349924459006,0.8980799208807265,0.7914166937697685,-0.04906966996607121,0.33007554360024083,0.33730028614435004,0.7746746500611044,0.016592150848472244,0.5979669446235458,0.09987346478247103,0.6750957739902893,0.7169500291497053,0.7883067358421849,0.8108979921136598,0.1868458733939209,0.7248522427544208,0.7105031659137646,0.21828237699710157,3.3876744766247997,-0.0797742873409858
0.707218303690347,0.36518861164819316,0.05632184245913829,0.5418644678522175,-0.009783693474939403,0.20669339416664123,-0.0357072774605566,0.26076392950292215,0.5044510468069434,-0.0494601539365387,0.2963772895185012,0.6711671230431346,0.6178595841667865,0.5837347539939428,0.6380417526118057,0.8612091407873566,0.246614446818661,0.4121749978526064,0.09085165035896528,0.2522455658966488,0.5481048417340713,0.1957363272099336,0.24693859635839388,0.7768592479367548,0.6415890946860324,0.26266758148973146,0.9139986181440003,0.8533174421376173,0.02499036524897269,0.8788162450672616,3.329332639267122,-0.09573992022011046
0.997768509656711,0.7323274630754899,0.19652705091523484,0.4923972456641732,0.5343939936800386,1.150551604900556,0.21635662163459507,0.7240413006816735,0.7083532679545842,0.3549821431422127,0.881522193533808,1.0566631006837146,1.143069058598375,0.4457647536775748,0.19929590417267873,0.3227651518497258,0.6287908261732318,0.3920075958803092,0.771786513420802,0.5832098119765305,0.21698821098514037,0.19833497895428684,0.3822951510262214,0.22569099038648655,0.8873323832071425,0.7965389427423109,0.09885594663320736,0.1090285043601513,0.20424762096410531,0.5956013375183524,3.5161733326024565,0.11013888516436347
0.8989260221437475,1.0046889370819678,0.11430320648048817,0.6494517184793421,0.07377585144302644,0.8754959304992598,0.4412506143011624,0.40665460685668053,0.3928404638359245,0.3815137285229078,0.040652000931380716,0.8071168271318214,0.16458620437429172,0.1283437676032106,0.3574497198591877,0.07444219106365188,0.12292425042736208,0.7995696818637432,0.8531209128942384,0.949336126958158,0.2613863374341473,0.548411152126522,0.896516882677574,0.22264410623425915,0.6259553060509336,0.9839555644154219,0.18830238291059131,0.9741579835535742,0.4373334371009586,0.8643834640699244,3.4737455677223883,0.1700970536985396
0.5203370845598271,0.13392077477057684,0.0036980290391416953,0.3896312623420044,0.13720608083479424,0.5981099302276557,0.31496295548785513,0.447628125584542,0.3511201402078029,0.7719049261148045,0.9327062638419283,0.2758888158466308,0.32420319632163425,0.9532262501590998,0.1113900620750398,0.39076260246972994,0.32347301895526626,1.0020935153794712,0.36533365974024523,0.371736310271424,0.7871794092272548,0.2307178123570876,0.17884808085126636,0.45021075155475987,-0.011310152577361066,0.8505353694379791,1.0118768820466166,0.27158925555397295,0.9571244056452578,1.0125761778379925,3.472190307292036,-0.06261439783777877
0.20815098172041374,0.3979071020980235,0.033421722607354765,0.7372431000694432,0.2479166689238194,0.48808016582532177,0.6077313770949436,0.6481051682662292,0.2078431355772744,1.0769865394150224,0.3397116690360559,0.8349209089294138,0.40185984542573955,0.26813900997913115,0.018902227221695836,0.9016577104620189,0.6115749091068131,0.7601850953024393,0.33374728560185773,0.6386791751035394,0.5253239833864005,1.017982725536661,0.9842633544718398,-0.0059503792580722775,0.4506698918932594,0.6654592756447746,0.482841406893993,0.36108340883338036,0.136066634058702,0.9047455371667568,3.0951132112794957,-0.19298445255448138
0.17660699420248044,0.6766695903485144,0.7184685610447867,0.31138725854280763,0.8862793011870145,0.6975842791537167,0.8902551373471981,0.9836844870581275,0.32337956340454566,0.46887309645512626,0.26150602202796547,0.7532309420494403,0.08533316025977264,0.058130319948622416,0.4142230462039318,0.7370892507591179,0.45119599118029985,0.49992971384819673,0.1569222008304174,0.995326886092252,0.5591433096567516,0.1910348116159497,0.6886342306534832,0.7044044455989328,0.148506793470888,0.7538719610656138,0.5172892163377063,0.8703119020396921,0.7216775615840344,0.7252526385916678,2.8986259489054773,0.16772106747815752
0.2917100277017023,0.9184363540464745,0.31559604430255894,0.3689770459423915,0.40584879984365124,0.251892123656213,0.3518361283061828,1.0235946306613433,0.5693705578671506,0.4409462141459206,0.754655823347264,0.9351878693919501,0.4417269562403692,0.004917790695884855,0.6341255880389658,0.8769929356157624,0.473366018769253,1.0600507904168637,0.6273479824931637,0.1758898052879356,0.9269849264342258,0.3576515947963187,-0.05099683726175061,0.04281048340899336,0.5820674174002499,0.8706568376008594,0.6006999634991016,0.04174065735814416,0.22792401130265055,0.1011285189182044,3.6743928238572856,0.09526353578023615
0.49310217952201807,0.5938207401143619,0.7445181761381006,0.012118268061683812,1.0737972637202438,0.04941464497288253,0.46331751087235495,0.2070096006103965,0.6256535101150266,0.5212105548622253,0.18603928485355337,0.3203457775618583,0.32221158033040026,0.7320785565729734,0.6266816076343974,0.8388095219546651,1.0722967133335606,0.18220184190231475,0.5053642309020256,0.8974197421899015,0.08464838941657363,0.4250067784310041,0.8633095541831061,1.0370588571161474,-0.019226347467388688,0.15803853181288952,0.10639687870937747,0.10426589495386546,0.012028313182213405,0.2730691487157614,3.4274962673306897,-0.13882263684567916
0.20703123029848414,0.5087670440661978,0.9813919708506383,0.6936816340183196,1.185565483308686,0.8952168694258059,0.1805077038404046,0.3367912279924359,0.03966397328923104,0.5349813948007853,0.40371249737554105,0.6601779944864989,0.08558459491170137,0.6837782277824658,0.40904833272292596,0.7126383528117057,0.5449571031096719,0.646785109429868,0.28531645262225896,0.2584127992777917,0.1254340055406986,0.1666595839549137,0.05987653085234992,0.5166647536794544,0.32534279655550336,0.7782072830939655,0.46408093816833734,-0.05118507259926269,0.19068137775880586,0.7835559893631447,3.168552027816041,-0.195279865449964
0.5998942710952719,0.7183091167396135,1.0385137922227716,0.03078210723887652,0.9489588101714465,0.5730091111104725,0.7601893830995688,0.5185085788312979,0.5929463335315579,0.8836082116402668,0.3978856105877588,0.7570177820565352,0.40448763811362176,0.6925276233215738,0.11189800578153794,0.2835876864311925,0.7119242540725212,0.7442272982865348,0.05100117250271149,0.1742158516217574,0.387892020532936,0.9102650838667979,0.47919273860388,0.08371996316397307,0.5581911849287113,0.37602221900260674,0.45265160866811005,0.20186049717969579,0.29191141032297285,0.649281857117346,3.1049333251878024,-0.061515490095284536
0.281699118484401,0.9570547064069554,0.7682867156855335,0.7687403327859964,0.9441554473820133,0.7928848729785118,0.4830134848388096,0.4476765835860711,0.7313964415434375,0.5202674642284444,0.4178639200924065,0.511280976117051,0.40209094446811944,0.6693916149989225,-0.0931484187629463,0.528172790822414,0.7341060675874215,0.23216015622747344,0.5129747852171667,0.0005108589657858327,0.24254758502650245,1.0839517210178968,0.908385249684164,0.6004310428344765,0.3820246039673156,-0.011610576078607049,0.13782899028836493,0.20353645882638277,0.7475276890814442,0.47908102225906213,3.4636262090334426,0.04803529083315339
0.0576738013107396,0.24053734166748886,0.37940782709449605,0.477895787560518,0.9058962927853156,0.5093436728972434,0.9215849881459013,0.2842430488704764,0.20021351215385128,0.07789642312849131,1.0468930161357815,0.638059923767408,0.44165188640722053,0.24404143989572252,0.5177193174916813,0.26949541612412337,0.48418966198772245,0.5959754809182647,0.9258851885176238,0.5064420825127105,0.5480200555123419,0.1499592150659691,0.5777935852351775,0.49277599564218777,0.6476458319255658,0.11031843764379196,0.5319731253693067,0.8437751213117506,1.1385730135956977,0.7460693256770894,2.7510062572098035,0.12609673332815394
0.7521836422936369,0.12942923105783952,0.8067232177874388,0.5503237449005071,0.8572788927705478,0.32784510666690736,0.6299515485479095,0.05013849011502684,0.8614091881560313,0.8927129219921239,0.3846700931133131,0.7366583036731108,0.4197501276020039,0.7161524044345094,0.6563241812409509,0.7623673303123039,0.025236840714295605,0.5552184802937302,0.46365851256060187,0.6824285735478253,0.5994136868816576,0.31084983807178657,0.9033630051264726,0.6611463085697387,0.21905955771104563,0.512398928735502,0.7689348283715144,0.31136115850713103,0.23158907355083358,0.3828281717358324,3.172935323203263,-0.06785956417247904
0.9740240452791182,0.01061232175807772,-0.0401848659064952,0.04574574400317988,0.3402158158000905,0.1588797390150376,-0.144239501222923,0.989567314753232,0.5216283132619978,0.5497891378350319,0.05201391190784235,0.3628849885631116,0.922021764041067,-0.036106182134859666,0.6074184860622766,0.37507620141694586,0.08680378079224904,0.6205230589496293,0.7062981992255344,0.2364728768223533,0.4511950700852061,0.7896442847879634,0.9432423684284297,0.16175741378372743,0.009717561469627461,0.6244927337709304,0.8129760313444736,-0.13098504139496875,0.2608953965374942,0.27618693594513555,3.771759095097236,0.0692118069061102
0.5684024937066511,0.7297181215288627,0.3648440423781808,0.6018071321118814,0.34557474899569074,0.5229856671969542,0.5255728414284532,0.7171529293050312,0.3276223117540878,0.5404133387120188,0.2313555252352616,0.17790054806995784,0.5142031162873825,0.6496668798872042,0.8570003975165925,-0.0011709032546208115,0.258718348352531,0.3925928418563933,-0.01548550932783782,0.14475979637096506,0.5166265456868284,0.6237448389176466,0.8132346562621855,0.03145559359901308,0.2556594792876194,0.7564284155469455,0.9078052432784444,0.1396649417521953,0.3798128137000777,-0.018974567620358,2.9377839301159727,-0.04554031382015005
-0.13482836491255606,0.13258089621696556,-0.16794305824104258,0.14035121369137724,0.9273214865882423,0.9585174963800206,-0.020129924103698068,0.5500068068295386,0.49627873902925557,0.996699585890509,0.16509936432372202,0.514587529198363,0.531449877242509,0.37045453929169997,1.0487240982157922,0.04967201853804301,0.925879854584317,0.9173710232406228,0.7979889987770029,0.60490653279699,0.5853303161776992,0.178586006240241,0.08079972954731157,0.184835519329289,0.2953904216395793,0.8374960101302312,0.4353285430886046,0.679772559301129,0.8687999119079897,-0.04284533860394468,4.0387060361057845,-0.07772395743990007
0.8443034643643265,0.1459839538280746,0.3869193672920588,0.9254823623297115,0.5366063281270108,0.11379531051605582,0.5316707967265699,0.4621649208100293,0.1725853543220291,0.5969069251621906,0.8052224638371419,0.30314553302295266,0.762466197609457,0.6225184235269763,0.7088958411978777,1.0169461816957897,0.7708109799160138,0.4605574856118224,0.6298597078100296,0.9882534880934492,0.6830647958359278,0.7729453478221989,0.5393762700111715,0.4303747658529086,0.5080694722466015,0.6153705018571395,0.4180720219909172,-0.04310253815095426,0.30571539913731466,0.6544090645546128,2.9566755278788452,0.04965443452214668
0.3606528798876677,0.13500784946366212,0.2594632882528082,0.31154367148865497,0.027906760449207965,0.40715620551421494,0.5602430952475166,0.6762316709302865,0.7513767417806085,0.14301102620398537,0.5211256628188075,0.7631844495043211,0.82584637291958,0.23952833266421625,0.5532463309070377,0.39732188839776933,0.32271658516735424,0.8683664803079162,0.3779554465751281,0.4938459654631068,0.4150880030519333,0.11498924106492678,0.9947443075212613,0.05084633007308899,0.39138118021014157,0.8323279999709546,0.40358004311793555,0.3417751679077016,0.9007954987746962,1.0396004142091149,3.0471504338809203,0.13609490535262633
0.08011081937042502,0.9435895238833122,0.34771956736033194,0.9469645025893285,0.6457029157510612,0.6804045832159935,0.7564885034181708,0.8084473373659502,0.04422361833832715,0.3424949920136583,0.08078687762005386,0.9382923603936899,0.9112673757727867,0.2572446616467218,0.8539108229264437,0.903010152250745,0.7052302328858444,0.8521029645913151,0.3716677003704105,0.4103911861409258,0.632204726946133,0.8294880359793858,0.1864030608897837,0.2950622020999283,0.8374041513387035,0.17655510288607468,0.20697399159994273,0.51144418805945,0.6714962867472871,0.6789824125144489,4.126613560289153,0.018522435298113874
0.28535620411864604,0.3732518797351974,0.3790513971768398,0.24303650686869693,0.292611410157519,0.5552975496002885,-0.06701713139720794,0.5082129390022498,-0.03126733838384754,0.6273851267309588,0.30223078301281203,0.8185989284660572,1.0031226133591482,0.56347422462448,0.471640507191017,0.5593668372365783,0.4085665636538664,0.6253642790159385,-0.058279778621919076,0.05299558221832382,0.27062641275662436,0.9549134757111385,-0.16974327692394617,0.8831987051735208,0.32602721379842914,0.41017716470766674,0.7122435954641511,0.32201353855107223,-0.062223768199081125,0.14526220500880685,3.3344554377987645,-0.08180424426270809
0.49867171257956466,0.2164805900333713,0.7372806966144618,0.6290412537530584,0.5636426846933852,-0.04363357431389436,0.4864004487126865,0.41059695454621764,0.2507610259090757,0.829010629388631,0.7976572542721185,0.8820701605679426,0.27086086431468614,0.749092258329412,0.5246705396561488,0.05564814897434145,0.9072137468697116,0.8574241989546294,0.8736909326312837,0.43691575127249915,0.7486766911684073,0.0701216199636579,-0.013846883475386366,0.5663842943342497,0.3572342224447014,0.9331607112949332,0.9669464460322154,0.19267360822480462,0.42316357609173016,0.002405514448719559,3.6256951839869727,-0.11015977611448009
0.6766402937819056,0.31350389449244875,0.4822980879738026,0.6373813106511206,0.5806571844268547,0.8271580980592386,0.3965756123897889,0.2698370867149279,0.44479969391569385,0.2614044432687276,0.26569720591879115,-0.06187461163137636,0.1678039543148258,0.2483446350726674,0.2804327332814939,0.2053648345944527,0.10000656890746047,0.46408655380735075,0.544949243333089,0.7275360307833655,0.17203255769134196,0.453648673546801,0.5587977691706576,0.6536051705999765,0.21363152009006986,0.11663202886563157,0.7140849910790343,0.5446049483690637,0.6307711941846543,1.0200184588584607,2.5838059091827144,-0.0782788451046581
0.06406081784588724,0.03716605559599434,0.3846421041333614,0.2793973492112771,0.7400374379818285,0.5899532262629313,0.43258674652881157,0.9451402147149064,0.6921590973544998,0.876409937247714,0.21898013141506353,0.7980477566526079,0.9205130533034852,0.708148496401265,0.26716702169388235,0.8370267363995446,0.4660363712036767,0.8531162241798493,0.5802496130158051,0.9147338726624037,-0.030710206295743947,0.48122304191674803,1.0332631532561611,0.36510077785868844,0.5264786499152796,0.25157918376688315,0.25500697412069717,0.037393516962574924,0.3804031749077155,0.3584559095231433,2.831242973444053,0.12718378292809446
-0.039188651645298736,0.44742242042974323,1.1151406947281375,0.4281199892404639,0.7697204325692448,0.6956595451862515,0.835333684366112,0.20564400050605736,0.2922022241330851,0.3809131037431295,0.8321269023888563,-0.01831814093161664,0.851891519548718,0.8962764860599631,0.9266116586552933,0.34676210022259696,0.9142530382318761,-0.0007480587937909872,0.9298433890322426,0.1787753048367842,0.30695336133928874,0.5366081096141502,0.3590266438897884,0.6596739884011422,0.6795700109059887,0.27557998611882045,0.3671305280679057,0.4392789382640481,0.7967944549551287,0.72775922559361,3.7238666415460826,-0.18424028314816152
0.5956137230873789,0.9236042276018911,0.2238288329776129,0.32762154687474554,0.8710947717164849,0.11196810987922773,0.40002552241060224,0.42318914250111317,0.45547294280266887,0.3963518729781589,0.5268098363372199,0.45012391114841604,1.0852808426893108,0.3084253400934923,0.8707671570618917,0.13079778896624658,0.09479532686758861,0.5560595573771443,0.40644223609609526,0.2764123577982587,0.23748027831881183,0.5674004640657367,0.3461223837115055,0.7369286326463091,0.5062461495262851,-0.022329609161052477,0.27599369060598,0.8834504528851425,0.577676418577449,0.37991397528076465,2.838452029226423,-0.24430328364180245
0.9963110973241937,0.5284076182259848,0.40774528646588043,0.587956131482249,0.8888322313189857,0.07561870194803973,0.609554426117457,0.9668944207819297,0.5314964094118878,0.10906770705187124,0.51724864487824,0.04941766131923711,0.8706533493644824,0.7091284184603628,0.265003998937958,0.6852948624912283,0.41618760857408,0.4416563557332302,0.9285830731389274,0.8909557050938953,0.44033736564118237,0.6184751363677901,0.39660754810495336,0.19470870712668134,0.28332199962620547,0.08395268764347597,0.37550912195665564,0.2858577873807755,0.5701620553753393,0.7910614137882159,1.2041213052714692,2.6953430172298636
0.18504972459146063,0.9233529216710674,0.7451829317785448,0.37240118260090965,0.29028076079685927,0.05259009258785348,0.834573557289592,0.9073715460766831,0.18082934109828835,0.09697635990087727,0.17381765708451452,0.11760456388149726,0.2407760903859358,0.18753498071932567,0.030607805651822383,0.30761987591643136,0.023125808368761824,0.8601058849866046,0.8072019556768257,0.9575799714055641,0.3626146713234727,0.849517709079456,0.17828887837174326,0.2863710757881648,0.008427691730331366,0.6425812239079843,0.3391754924341695,0.5147119223698828,0.04189173984013056,0.09712900055757223,3.9562129262721375,-0.07799469555413575
0.7787569171889084,0.9066831258537185,0.6674275914179956,0.18137619652028564,0.0235794595573052,0.5521649150645944,1.0762087338615063,1.052802213762382,0.7571684673677637,0.7259613330717003,0.6950621524646038,0.626040776151981,0.717741607184299,0.8233011586137016,0.9139425852658981,0.6186156125416837,0.2721720050735425,0.06264925072290348,0.42089615697574445,0.24206433476608052,0.44118640581261037,0.38311394982130964,0.739471440299349,0.43721292174439647,0.8143575175503962,0.7136156494829065,-0.1247582354404792,0.9787840545890806,0.2721354074442899,-0.022114025556548955,3.6361673313563445,0.051765508217079134
0.5937766393168424,0.22451187677767503,0.7827873917663088,0.5159509223925833,0.20355426754143818,0.8119603126258285,0.9809460442673854,0.1443748379621551,0.7058184475211609,0.8890097836129678,0.3585433923538689,1.0768787443602492,0.09974146915337034,0.7904296556062361,0.3406919869507514,0.7228551732369383,0.7304928497895706,1.0250999690947091,0.32296417646130965,0.6506512148654486,0.22503678708331892,0.8604556337970248,0.6728777453445738,0.5640826626360567,0.7941418256024202,0.8787965955385472,0.4369002169549334,0.3747453976208517,-0.03038022832744476,0.18207574214876202,3.668899925335053,-0.27358414826544236
0.28846850469356683,0.16840870403657093,0.10032089264582797,0.1604242655806089,0.42134107245453456,0.6680308242251931,0.2278115697116282,0.40285779671294186,0.5474171825701715,0.4487744898396419,0.3573565878193175,0.2665694448611007,0.9395274660351558,0.3883113773574686,0.05515962178296671,-0.07940436578288224,0.5702453190499114,0.38402998594269666,0.43585262115246837,0.326009750393617,0.299303786001342,0.27878134714586056,0.8859509563726354,-0.11409173648196604,0.1527646795598361,0.6186951047805305,0.37358305009464576,0.6825999137210617,0.2682072753280555,0.08300049127772388,2.7722305414058797,0.061731425140565115
0.5379296650201855,0.4999265825911837,0.7841448534165663,0.23303446832726954,0.4971914791458553,0.2399985236718212,0.0077522839474065686,0.47192566151468673,0.20841654196849893,0.9732108146159972,0.47287494876766323,0.9326853025189417,-0.07746829871278627,0.8506162726573812,-0.10096276119034972,0.24619576321287193,0.4963219350675355,0.9589607732508847,0.7065455179597477,0.45155808167141853,0.8175555494926184,0.6649064610820173,0.5702451625423904,0.5008550926491732,-0.01615309639050147,0.5992676064488199,0.1469738471416836,0.42914433078484254,0.441625294714746,1.0189249670988476,3.060346587717111,-0.13577096500462713
0.028628882634247246,0.414404597806783,0.3924944619218697,0.11704605290713271,0.4781607128593918,0.21640519996908697,0.7817497650300641,0.46563569243256386,0.22382453806542166,0.1275731790376899,0.2393261877558707,-0.03500970968833889,-0.02486957262728131,0.738037246445225,0.4415581058832524,0.5883714964114615,0.08368953930985157,0.6480649163327656,0.8205742082577424,0.48934384114577945,0.6901517746714941,0.36125767466762526,0.41681255310594445,0.344863319891631,-0.021694902004114364,0.9991242704545835,0.29914024720045607,0.2624619479446217,0.5254238065209454,0.4315033213,3.344423850459397,0.042762907663754096
0.20414801996568632,0.28865205753073725,0.23856585274832948,0.06034367691384035,0.4826725709611439,0.533493916646804,0.4644376613038752,0.6743899209605715,0.6161599130931659,0.671044485751729,0.36387454254364776,0.4350920828265676,0.5567261798136983,0.7142762923902277,0.5645447672481873,0.9407286113060693,0.47513328572102004,0.43184920642968483,0.37669712792274845,0.6605565060911793,0.7717304231137194,0.15753038733648647,0.5684713710169272,0.48685251225877635,0.21185486470196432,0.6507055454512655,0.3352597356182199,0.10239008671653949,0.9929793473671094,0.8068323927941367,2.609525278562716,0.05433464446296015
0.8301048934822267,0.33038807044707375,0.3081068264750869,0.23613276394700206,0.1942924263237969,0.15230646041899626,0.21133991907920602,-0.1775679459483246,0.4770382704698705,0.2006989641201964,0.7865119122030018,0.22734632997332138,0.6324864192037007,-0.028213326744823686,0.1799918419655086,0.3030800810826451,0.49665382755720966,0.9619995127939923,0.5773692536777904,-0.03640209117142019,0.4762052799853973,0.7296558705997902,0.013074081770885454,0.2717890031550562,-0.23682284536520268,0.5560787616624611,0.8144436467232316,0.20331137099241747,0.3418078655166813,0.9036294245300113,4.0075042935640415,0.05020907578676502
0.7925240683386434,0.6351145395075846,0.9482519795840297,0.36893767185374216,0.6430576828447113,0.18230468640297492,0.9588068031137387,0.8220550332565532,0.4530561703604461,0.9205278757881946,0.396123440520983,0.6582842087870283,0.4847761302622138,0.5208247030968467,0.48337121626754975,0.27818217289170083,0.7378166211589572,0.7276022675363724,1.0411989074964978,0.8369219337180861,0.44575632236241686,0.2310202733418276,0.6537319631700985,0.5681225108779436,0.15815837829346274,0.7277228915568621,0.5837981859458938,0.4127147415727297,0.476821729605985,0.1745836270934549,2.74002993879195,-0.10694916275791932
0.6739767404153126,0.9686678448300926,0.4553752854833516,0.6315244498698172,0.44341759850852275,1.0390797961781932,0.5034596173157044,0.4968826915020833,0.7011454985706862,0.8665977251396347,0.4777730886304617,0.6750421804967726,0.04798728365056383,-0.08123572448755778,0.16046532467425817,0.06954995970188894,0.2328282148451239,0.45589709269810064,0.852002357232488,0.7577483554608941,0.41337802776914445,0.4748524040557499,0.8647204386452634,0.394264980146549,0.8832332394479684,0.8040733726735071,0.9347957290379999,0.2481469190641978,0.7003247362710643,0.9106113837548017,3.578966220785667,0.04143095962078859
0.8982271050720718,0.4828656432576761,0.9375934324067904,0.09981750470579727,0.8835941366860028,0.733984829536166,0.8996226695438345,0.9138239817982204,0.6264693391641984,0.07532169220101154,0.05990333904287379,0.8370608311124565,0.11561680746894722,0.0398241445991429,0.6828713925531231,0.5484018496361793,0.241329271752053,0.7415952086413427,0.387888325574334,0.9563432256335359,0.3406066237112018,0.9914100361733912,0.6823219913285415,0.7435433953413457,0.03967560598803076,1.140443515069497,0.2925969707552084,0.11003270807227751,0.4836368741065339,0.617794380442061,4.256796108289122,-0.06082614214691692
0.3178194276526288,0.8050214581213383,0.20923581698095622,0.7423684254243523,0.6112875250936527,0.676058370855821,0.8010184556921149,0.7564163036037557,0.9485009077840751,-0.021637895032251074,0.8569869077308031,0.764924706995145,0.7767130760882734,0.4593347145629988,0.18487587099008726,0.07960157938251514,0.6654329613640256,0.3391742939740558,0.8483504221457061,0.23617195379147973,0.8455886481856243,0.6522889629109285,0.38522858030189683,0.6735220156198771,0.2481640469668137,0.3738990333610872,0.34411866272802843,0.837300620595718,-0.0691813609330696,0.8669788649689298,3.2109855233733993,0.058727812058507724
0.5565649353777676,0.9204426097442506,0.5709602873828175,0.7652823205239021,0.8861166236910433,0.7056498238418752,0.46258512441058025,0.15176007975079905,0.24441638758022696,0.727942307155877,0.24165342468859133,0.6230579846238775,0.3794731562346745,0.646675800103263,0.5303037384980985,-0.028760112864634015,1.1703735184136843,-0.03729997728076688,0.7471849402523417,0.25847719744521536,0.43028999696509573,0.6841893570201999,0.49374462560768617,0.7819606500693991,0.24946646329382904,0.12957735689297098,0.2715098536270126,-0.25012700428047907,0.6296142444437751,0.2229818763981762,3.4756397977903073,0.14871346655601533
0.2791155043434177,0.6012438727169144,0.6250004806571862,0.38003645231223177,0.4663017490084674,0.4436785891968555,0.43985151347450835,0.4033862867550792,0.877645227282121,0.04480778392807272,0.485142203347478,0.39847620923390087,1.0460443360166434,0.6635365890384357,0.6068601815812307,0.9241541215050187,-0.0007499963675419996,0.6986642473140924,1.011572006038729,0.6519414166788162,0.16776512039999286,0.4733333768227279,0.6400641128270624,1.0914642794328304,0.7474259884794193,0.3055371244966064,0.7912108846759137,0.8224009920612337,0.2626586118320029,0.5431006770732759,3.335123941962894,-0.19751246469628347
0.6879771225939164,0.10244293619141924,0.1310596599579283,0.6448038491640465,0.6046409757637188,0.14078516901081375,0.6307624731192163,0.23957912164213907,0.8321176595718448,0.8535010116093967,0.6061362056163965,0.9103155162806398,0.3797052179403114,0.7253012073957418,0.4991951404056541,0.7781224711221381,0.6843646898180058,0.1864746303076571,0.6672180416595609,0.18716851949264451,0.6085005467338054,0.05845732577625855,-0.0365217511344825,0.8425122159790551,0.7115626796483134,0.4776799909287807,0.23855237663907103,0.08516799844658716,0.7812825052776392,0.1358237087129852,3.71385413710576,-0.004349604749970732
0.20477394585730394,0.4676760438973739,0.3835973980567963,0.09638829026948162,0.1328962029523544,0.45862698169701116,0.8418802098457748,-0.04202728923047065,0.45164062494664303,0.6469782875070957,0.4107144253041322,0.28839921492281095,0.6436134791732703,0.30952177702199674,0.47343238643193564,0.9542905316839068,0.3393438251846028,0.9349736501714732,0.9372730279941355,0.47584332776801475,0.015431045727546631,0.362195311997908,0.16091494535798478,0.02697485480850569,0.6493926468629012,0.8572999621827508,0.4045638218688612,0.8679281568438774,0.3846472476427802,0.4963402925143907,3.1810727674735553,0.2601232831166317
0.9530595561777317,0.7716567606069863,0.07280999355425424,1.0015407847651416,0.8846984450464346,0.47884042471068144,0.08533376003103964,0.14670814706805116,0.9285809502608443,0.23141247392729683,0.010376407708438735,0.6412684958786592,0.7585542667518311,0.6572538918822792,0.9481998385255401,0.6256396631094321,0.9080664040902678,0.3158831487993704,-0.053459217296875305,0.5611769291822724,0.3082531937466893,0.8888785351429032,0.5469003068976845,0.36615558003528037,0.510863700339552,0.8599602437166347,0.8690191230311863,0.013717763740813821,0.815300683596712,0.7725842667684665,3.5549164445705532,0.17212514638374912
0.945078358977366,0.04293273515452853,0.8945772153659642,0.6109167121638324,0.012266480273501162,0.2423555891591553,0.43162383705679497,0.8426617421534687,0.8757319222339299,0.1775355003749151,0.6199180153984308,0.15895785297556583,0.6508789777102808,-0.0006780669130966172,0.7902609714405228,0.658120381559771,0.8664037969071864,0.9656510002497253,0.9241629641449673,0.47639494604798127,0.07667089303504289,0.9110119317401346,0.9638845556037691,-0.11989501952403125,0.1021930511676625,0.6069862807230536,0.9150430901165161,0.09127649376725383,0.06377744941174315,0.908525806906134,4.556732767939752,-0.05781309302380558
0.35237203389375915,0.8504892014116748,0.9213830805722378,0.7482639016456392,0.8334932196929208,0.47572328257668295,0.7090198998812951,0.887776224190461,-0.01290330992487829,0.5685342321931514,0.39946162833852156,0.21124514806540476,0.673562128985085,0.43619835158539955,0.24525500243416182,0.8186540195674852,0.20970831485089966,0.39631228638780663,0.08403147330125031,0.9716795199786364,-0.11392011777098107,0.27836774586462626,0.7227218863961281,0.7243605231214824,-0.007446799414033221,0.8774228813188647,0.06081071152691929,0.33301010943574877,0.3738512062171436,0.9793515047105569,3.519350510049243,0.06911148994306182
0.13927516915660035,0.22099804374199883,0.43819345312278446,0.229018970973463,0.43632642206521965,0.8399604425476224,0.2227360328214804,0.45928440489150196,0.6614010697834076,0.02879740438346102,0.5105061519336819,0.47476983880409973,0.5593781260142764,0.4637009755955441,0.5915553363398783,-0.135899590126307,0.18922412696208463,0.5885264640130856,0.9697830979920135,0.7020374921983611,0.4112566294423757,0.8098458502193919,0.89693418602912,0.6445687275069311,0.13632967597447238,0.6327066383608884,0.1781744338195024,0.06258470423205055,0.1304381210216214,0.30304803115228396,3.5533629625737553,0.16363230608710758
0.22722116140143625,0.17109833138565544,0.6599714585378569,0.3163953874592623,0.22253372150393153,0.5757966528395473,0.15213451729654515,0.6423816446861383,0.6389325156739818,0.6942182760926742,0.3746196970458534,0.5299704376620344,0.8403008156848378,0.7541504438807721,0.73598150416097,0.09863970115764789,0.19736815405787084,0.3998094832125735,0.05225310652610132,0.9501020064214643,1.1433801809797304,0.9593909943751545,0.47900403492985677,0.09688998223297643,0.47992717389831413,0.21894025622822205,0.27451934829767644,0.2714095601189803,0.47513880708798684,0.9121467862753909,2.5800035515370636,0.10766698051753971
0.5682818971125743,0.28430905599052664,1.1643074094876948,0.7159268264319694,0.7476342519079306,0.7710168644934736,0.24738724052490277,0.27995215182477134,0.8589040759742856,0.886741628012004,0.18997977384473258,1.0480772335250037,0.9475753833175996,0.28829262633799096,0.74859251003173,0.6077248156123568,0.5214259948256023,0.3306078920424225,0.8264238320824189,0.41075077612130895,0.2819338141105374,0.10538136687131179,0.6416117301611012,0.6633811160577241,0.21537976857963517,0.38960828062928143,0.6621029041223081,0.5660802383622289,0.6127611858917433,0.3536251514642179,3.4894351455532355,0.20356713828813297
0.5013242003284213,0.8215159057513889,0.4834747711369226,0.018970538409031595,0.7385864455686225,-0.08629442461835767,0.8611450922394019,0.4991942550855294,0.7593893697234426,0.27172696946460795,0.3059646897576389,0.1935499686875748,1.0760710619638068,0.4125903271151761,0.35724626958872685,0.5996865900840394,0.46231227676967124,0.7136487475390769,0.013074631904383582,0.4046482607041011,0.38896833128412134,0.2022819843852438,0.7738120488076228,0.4060163401560088,-0.027285774257470155,0.5391768676743077,0.27431609605160323,0.5704314046037519,0.0718096215094026,0.5945768346241894,3.3593191181528463,0.1425349303603809
0.16513996573793366,0.18425310658350583,0.25107372324040633,0.37239569848173537,1.0211214899922447,0.5640539010386578,0.34521596763983,0.12024473229346266,0.4335726936121099,0.671532504140265,0.6628473788158407,0.33194735910183387,0.8344753206968295,1.0766231648303768,0.7725533328448235,0.6853764210557617,0.47584978147411033,0.063055541694507,0.6190712919503177,0.16540293290857797,0.43962382873302946,0.780170919141004,0.4666340214349556,0.6309379806905121,0.05741853685043534,0.20022538786746866,0.07908391829267747,0.6712346520861111,1.160898653330412,0.8005535686016589,3.134873282810652,0.09008173706210958
0.40960525667079606,0.07767074822066844,0.3930989037018398,1.0087727189640763,0.6825246897013024,1.0069440464745656,0.12725558720073568,0.1501501717290762,0.22828452421894604,0.6620154922597623,0.430937997233531,0.3102769138351307,0.9498261608159143,0.239658224203807,0.8480876033238609,0.28172271185860265,0.6413315234672807,0.7828122019439716,0.14926295519954397,0.8019255012740855,0.15816766802410107,0.23342256721715215,0.264798316946523,0.6479649904909358,0.1992549033935417,0.373860892367621,0.7553104040761035,0.1327500717877171,0.4810120656625355,0.5824159975975597,3.4528955433508473,-0.0941663878053352
0.21689005025613206,0.3059359823829569,0.4800183433039161,0.36263840591184343,0.5553099983875501,0.30910870534180784,0.005851855370715982,0.5302699488525668,1.0336852215974532,0.7662892013562432,0.7394128051557358,0.9574938885763062,0.48175299025923657,0.7734782803994601,0.5120574136517445,0.7894544521583315,0.3375180637609675,0.4660614443509292,0.4155288511731638,0.3786086473485164,0.42193424220485387,0.5525086314438766,0.7278606584575579,0.8666397484666956,0.16960078156328615,0.4578428009033516,0.07348814501980386,0.66408508699236,0.32364512862713257,0.8318077354091495,2.5645710470970116,-0.14470846416186042
0.6472907880113381,0.05209558372490049,0.46339635663581547,0.9943049088483304,0.27374541160329585,0.8159430227033807,1.0227286497759336,0.550056140204627,0.7906910275855265,0.3027226384042701,0.3331126584333881,0.669418607511538,0.24604963575304784,0.8021873783910956,0.6818810185661619,0.8533939917962965,0.15384560043504697,1.1492404967708503,1.0713677737278482,0.38201935366393414,0.26900340809367407,0.7388234991100963,0.9945978759216735,0.736490893230782,0.22400349146057266,0.20813311134801837,0.04540764632818633,0.19054128320337405,0.24823975991728867,-0.09429340330294789,3.6837395376373228,-0.13412272450800136
0.08480816593160273,0.33914176248694644,0.3286838289730942,0.7666166965144564,0.5957901823435802,0.5313333784385256,0.9450617376029116,0.7067647352394492,0.9343735389552045,0.5646557746893652,0.49420285644134354,0.9078154347824522,0.7473906060023413,0.9750232039240084,0.7590711354497506,0.9697248654103265,0.6398975549588649,0.06246670538184369,0.813222507271393,0.4837232314284199,0.0007233233670296824,0.855508967355985,0.5021137352998376,0.3271661281140927,0.17687012308928032,0.683511041148769,0.3180583785497812,0.25938283662024203,0.9665278679749616,0.7366278721855151,3.262233222163685,0.11733239591218497
-0.02983364656271753,0.579823338232781,0.5776316468314548,0.5207989377299796,0.839003132391554,0.5429487879290034,0.9860401633692946,0.6891047928240911,0.8780007293151196,0.22098474576629257,1.0819379227442365,0.6944201472974657,0.19937436481669207,0.2694775614281195,0.17732652513344435,0.6793730360415544,0.8531263130320933,0.14914705208400653,0.08971693852849112,0.3685585629420879,0.6062422220759024,0.39274451777276403,0.1419444921217914,0.6765262539494739,0.54516615605465,0.6564714924705545,-0.05680722026681412,0.10919067297545713,0.6304310533029457,0.08812858775861271,3.088561429927444,-0.0707640932076072
0.6581378926598332,0.700922178928503,0.383892413008477,0.4277875308069747,0.746776628417403,0.40214601032770714,0.868507343267021,0.6875809797082761,0.45553623378042063,0.6263333358323085,0.7332006318424731,-0.033136994238010656,0.7542147879322921,0.15076265016124107,0.978343838729519,-0.03364970849908776,0.36770377338753196,0.3464802684940873,0.04141590163185253,0.41160783688756514,0.48109798489804306,0.2176485101910518,0.1870633808773045,0.3617897704838176,-0.15326102559656934,1.039239403026216,1.2539770159980668,0.8792512587205251,0.1909148542271267,0.5779231447762413,3.8128580311472087,0.1769076999244565
0.4169987778471298,0.3461218795432115,0.683643774506979,0.31596067858013027,1.1895681645526126,0.42017694266550054,0.0832562568838237,0.745930729654087,0.7698749584975838,0.8402308320529863,0.4072946425787121,0.6473904173518037,0.836502309072207,0.9859655109202533,0.9108190290507248,0.7399688491271798,0.5455430328009649,0.6259172899545401,0.25302432234749217,0.7412499130016336,0.7037565371780179,0.22554223922200756,0.40029304887303657,0.36851048740537384,0.7781840699362436,0.3567906645293606,0.891340992334601,0.901046456818248,0.38408206121657995,0.31418273128022467,2.8981319903910534,-0.027508637546837494
0.3134404461685576,0.7597447166644151,0.34941003965567674,0.185034985385204,0.4104739857019711,0.08319010940823271,0.18184954341821988,0.958545738950654,0.5845921533561573,0.19855062515528402,-0.11537620521433775,0.16792404964138052,0.14013680731484227,0.3720750961151402,0.16648398534262146,0.24967461986034103,0.22267636842521396,0.13490293815417867,0.8690106020470681,0.5977522647601153,0.7900275389970304,0.7716499344880803,0.09596028964073194,0.8322177050372839,0.467424933330182,0.7324810627730518,0.22632799336839665,0.31754089984901557,0.4663542280754521,0.7616940112378674,3.6689973316426188,-0.03738794680429262
0.5946393812106591,0.23991117011510218,0.7431130980434981,0.29879549909806924,0.2308865540340123,0.8337770357373777,0.7533027257557381,0.13774360184375012,0.7245840249903187,0.8407761986026236,0.34338691150753237,0.6924450915417342,0.2270731061267632,0.613122734905172,1.0752747921218062,0.672176800587113,0.15042959418603474,0.42598779889766086,0.35365056272080886,0.32338189041884186,0.7590318242499435,0.7077246270805752,1.0314081495139114,0.12944548485656676,0.7309069416228913,0.9113712868903848,0.8478553516227592,0.13296875110144943,-0.021853969552325603,0.8307449186252386,3.599464176270607,-0.10405028341051975
0.5914783548276836,0.23445564199228475,0.9983250756466157,0.5854078609864497,0.8875973061881012,0.756213161988317,0.7312977855758516,0.08336921661743135,0.4687711721246153,0.4804349775062027,0.6181676764768433,0.5124371407597216,0.1671895542985668,0.9836680482741293,0.5352816084937195,0.4972351586487561,0.6045883979769088,0.8732392179244499,0.2684708835709376,0.250431847492555,1.0003594237577027,0.9033634726486219,0.3891744654900887,0.37983110372599643,0.0158964378825777,0.06384566010115003,0.4062892649093772,0.2328501180119209,0.5242187747493493,0.10427021950199158,3.3648657309815593,0.044700786909521686
0.7445387410560699,0.49764921856440375,0.39423568967519873,0.8687987093531386,1.0483631156303361,0.41493854873026464,0.7015232839049814,0.7570305456309927,1.0780020202267457,0.31755402823438933,0.006448244839871241,0.22675382729865398,-0.020660639100590607,0.31867589856094725,0.6217653822974266,0.784028482905,0.560804870293492,0.20694767488149518,0.41534495411672717,0.11733357308911249,0.8955499789063704,0.43446890131526905,0.5203494243722551,0.5338490835401433,0.3776261557380809,0.4655344333341202,0.18863022482316233,0.17402890808398136,0.044934359983314826,0.10549439029971501,3.052888054866402,0.1740560445411811
0.6274373351355857,0.7668825083663293,0.9916355384216342,1.0441511552792866,0.4542440117093943,-0.026168449114782576,0.0027192862543258534,0.6287625222046759,1.016209523753432,0.7102663537004562,0.5154368344283274,0.9408504893254968,0.514299644655595,0.19321990582112736,0.5192436267633875,0.45663891739167783,0.6870941833597091,0.6727072039344953,1.0245102462946385,0.15459074980167586,0.45342165382691585,0.16059230964931315,0.45997195098462307,0.6637907151425955,0.4377324849497514,0.3824815338122794,0.4633769069630046,0.7979978877619494,0.3201015342027984,0.11956179947629955,2.9087639611057843,-0.15985168300051106
0.2189133603926161,0.33914116357452806,0.6848707036838746,0.5596698019861049,0.7697979544859177,0.4584181339111893,0.20837618617240222,0.4667451885283277,0.597222810818869,0.7977505758395131,0.5654181526098783,0.1929871143288499,0.45191590064187215,0.7489773960017384,0.8217375441015922,0.4596680835495166,0.3694984103912034,0.38288010740551465,-0.06411931246701968,0.0673549946852017,0.023876532319946554,0.9844138793337617,1.0598331936048662,0.9048108375466858,0.746941077994607,0.0920790126110658,0.3304842126105456,0.6755801125516119,0.9228613418386171,0.7396919646787758,3.2215877012548244,-0.0761562653387821
0.3809345261532275,0.8736652829753584,0.2582702420143717,-0.013310562274401853,1.1099734332021702,1.0009970776397654,0.5715925709183227,0.9121333432831817,0.2015065049915179,0.738123711514769,0.9324494014583063,0.1315273365463135,0.885304285894861,0.2858632590768062,0.7930102462359611,0.9321618253566535,0.8456498792405228,0.5674483128028328,1.0859230749667388,0.18327265125687794,0.9880493432515011,0.9264000050379699,0.8069059466127042,0.4051156012470953,0.7313978163782345,0.4535154346541941,0.9686079731616197,0.8134449480301617,0.648217911869401,0.6247775190618349,4.333939971688469,0.16912985317541673
0.28417051213554245,0.7846241593442396,0.7170053468876303,0.3283093301518901,0.8043671478380998,0.5371502803188608,1.1683657488273425,0.7173122586716705,0.6981849421325638,0.36512478307446494,0.3355240994076089,0.925129738550291,0.1234225418470516,0.44821918388138177,0.6972975955225146,0.7280365578619732,0.33518699854271233,0.6295485473779678,0.012586178879175194,0.3080082449427722,0.5753407971482253,0.9024940359165508,0.49583534328618417,0.874093467526261,0.569824362785164,0.4734629087144751,0.4594698022244351,0.2846665521524079,0.029321121177548065,0.5793609674787241,2.730404857877485,0.02763773221740405
0.5016261813160743,0.7496400577316674,0.24339197274934288,0.33019141750167813,0.8749257315245447,0.48952210320243084,0.28064451458422374,0.6315351875382585,0.5078885460722099,0.04741918997065206,0.7672401830957594,0.5708356458150532,0.6093987165926257,1.0293107878329932,0.2462560008746552,0.9295196152003838,0.7724267999168005,-0.028186370009377862,0.5421988919319303,0.0852824041957612,0.5914755086027306,0.22244994574248014,0.6184616500980235,0.9548597624134378,0.6979943367620861,0.39579189344674715,0.28102136512758563,0.8233348455500876,0.46040158673528564,0.25448932398559315,3.2975981809618276,-0.08369458559049436
0.6491885565130404,0.8033684832398209,0.03387608821364872,0.598225326705714,0.2038452006770044,0.714905039391466,0.4423967628597637,0.5589164287075092,0.5885050016137503,0.6530476086781746,0.1023816677990042,0.5440378110289497,0.7871987883590492,0.7360807307714902,0.35607684911799786,0.48069781165782177,-0.057872798176558285,0.7070469343977548,0.07065530988063273,0.5916493784088672,0.5549708043622771,0.5288074766364139,0.8613547510784163,0.9731206802084229,0.4638103856711113,0.6747056639671797,0.7160785461615993,0.6847750961726223,0.8199288423055516,0.6723297181021053,3.236945612903348,-0.023235360675763445
0.2908962268415102,0.21692251295721227,0.8917274070799561,0.8486385698173056,0.48049326077023496,0.2357657352843021,0.8730683829674231,0.7825440541720803,1.0185482995939656,0.9106811184591355,0.06113972018435141,0.25203125745760663,0.5409889989446905,0.2228922895335817,0.7476000881560129,-0.09239280572518381,0.45616035415063705,-0.1517238531292173,0.4396977701647418,0.4089538609649762,0.2542302080370853,0.308206743198538,0.9734786516390058,0.8499480955788065,0.5803472830154087,0.20769822978315244,0.13023040353861887,0.635449233403291,0.4532417983484922,0.07307373701101805,3.378855057963103,-0.030498918538964234
0.5247150483495749,-0.021147158250047773,0.38150245557389817,0.0938122111761904,0.6923364669160917,0.385109419407149,0.35872459926207073,0.3160421131035913,1.0685264899833193,0.9211616794578876,0.5981642978243559,0.9032445771194495,0.19235204417803345,0.2463974799490927,0.9850662571062601,0.6387615929215793,0.9670040006543885,0.3222826323526702,0.4533916758848683,0.5496417859209721,0.778661401782224,0.9368425035112063,0.991280948237361,0.9130660618042552,0.8367934617402588,0.8289907216261067,0.3555842216648101,0.17485726648541308,0.676227642552864,0.4201800507984207,3.459778890721576,-0.06414835588084906
0.6852228578681331,0.7565734351986855,0.23807446285936346,0.2754456353097443,0.1378438052197798,0.9894102397252368,0.5990812119491111,0.19039090868983696,1.0591397383975147,0.7286204134380563,0.6793154823433094,0.2824582601146551,0.2590384712789786,-0.10674419136304422,0.7345328894521088,0.5418599986661673,0.4376387798341831,0.07150999013165167,1.1216100867031362,0.6178927759068082,0.9434093578504605,0.30833367057300237,0.8146122069051558,-0.000981241453350535,0.8995654068788239,0.3326982788413213,0.7930663728919347,0.270563755224174,0.20245114122841487,-0.01196767442383781,3.9172404191037598,0.06235269970753238
0.2309691646477752,0.8249317324635007,0.24218419965656812,0.6179841243594496,0.6321404708581578,0.7819806815812169,0.18495434616189632,0.7305731832090044,0.05896363019628306,0.17095216217883677,0.480387688401401,0.5734394998154777,0.4958283944286145,0.2758898411602757,1.0196680117297927,0.15451068888790526,0.8231378128148688,0.16939484027991655,-0.08600006775381529,0.27178397372018837,0.41321681170665364,0.6837973664787516,0.961731761645665,0.25979905534564823,0.8053646263355005,0.8026289615891485,0.9717965746232922,0.7163541908165878,0.39873213636854543,0.1235086365113093,3.5787222318430856,0.034710638234025516
0.06436601791490477,0.9155986520038573,0.3213821795912337,0.3275444762958658,0.28177532587849163,0.06089203717115907,0.8884372576445677,0.5886824844554583,0.8607788415676401,-0.010402226541051968,1.000300199576926,0.6472392202967838,0.3796738105245424,0.6570336934372878,0.21461069789396606,0.47565468173965814,0.8003437727511832,0.9223827745823118,0.23281663252193105,0.39597606675981484,0.5665326109603311,0.36664937356520927,0.19067260794954244,0.20466710147272596,0.476207357271338,0.32224766067923305,0.9930814069344785,0.9980683524154059,0.7640956772029843,0.7835227713802635,3.463323782471337,0.18394362301942635
0.5405810842174399,0.6696618388515576,0.11909344198697887,0.8186796296268172,0.7778316114663893,-0.19685329712214522,0.06950648785283851,0.08603101255266976,0.540796749449976,0.18728668072563565,0.4550992384060239,0.559662521525921,0.42422308306055173,-0.1425261858444895,0.8716832273984292,0.3571483200427595,0.6068602045652869,0.6988887633132971,0.5544269481772546,0.3773916777669102,0.6452250857661244,1.2016742223363175,-0.0013036324794689358,0.9278464802508565,0.3352664192167344,0.08172675035831736,0.7691798901445991,-0.010144769437916007,0.4602092782656604,0.5281010025545555,3.07307235551042,0.01684146051702977
0.7476876212986344,0.2942240591348693,0.4703085872289329,0.1844004573085897,0.11500777685924249,0.576203788998032,0.8607813448571056,1.0702021357346965,0.3778237333832574,0.8128662860132807,0.9758267136015558,0.25245840843208517,0.11033083798765428,0.664534575815461,0.7240145269409963,0.19122292067116126,0.14824920381583115,0.04642876441655974,0.1026153190736904,0.39398694091831354,0.7886282307392517,0.4807424798000694,0.3237490547875153,0.4362609028777212,0.2883085286522341,0.07580529092804068,0.3818168706276631,0.3557396166383257,0.5245388710157716,0.5494362377052355,3.2620182961961626,0.005631523230810906
0.031010979976705558,0.6360322516434174,0.11866747328246614,0.23042987816363492,0.5037723496804709,0.7403273801405827,-0.11445195794235492,0.09650889356757873,0.4801299623126738,0.012723581086510907,0.2917905735671034,1.0251376031017518,0.600901688411913,0.4834602646313791,1.0587782743874712,0.7222435081447939,0.19926766645506716,0.8017545146096285,0.14895617835920286,-0.09927775247241222,1.044023297743327,0.27883523786429165,0.32627428974472455,0.8596896165440188,-0.059781052855735706,0.5927004924297743,0.9126083460921091,0.2992476624490487,0.9262916395611329,0.8283860355134599,4.443159569966347,0.23999563475627703
0.48122976298675146,0.28171859380077796,-0.17120830809671433,0.19922995826484402,0.1048306422251986,0.33849792616799623,0.5152021620605733,0.40217224570273985,1.0371162503473768,0.33734775198697114,0.04498526562312165,0.03842255745976074,0.6107299959561068,0.4201810146715516,0.7470207651736506,0.45717802584885703,0.8251531975180475,1.0476877935126228,0.5719860973252173,0.02996237527220629,0.8359671292633135,0.9397484590483928,-0.056561473994293586,-0.039534192919389005,0.4260905777200571,0.7290515427349852,0.465106051459118,0.9884801363376349,0.6354657246202474,0.6743550770611333,3.8307751335004334,0.05893121574685303
0.21356448534008673,0.5144425156238741,0.4550090124540451,0.3769656806429741,0.9861468749745719,0.46166287753340435,0.28672728189609803,0.6792984854515786,0.06807589799694133,0.8921607665859504,0.334054194450615,0.7399879596985963,0.3386872937186371,0.12539943169021556,0.825637903450838,0.7577969601560222,0.41437858668029925,0.6314900367720996,0.35119046416354127,0.4878928264852167,0.0006525324420604516,-0.02058032338508637,0.3471823304332746,0.2740766388176336,0.9516032641316328,0.3682623584364128,0.1746549448365844,0.7958788796751578,0.012324999732571666,0.7611629286700313,3.5071967365845564,0.03288017646109524
0.38269896283925064,0.8294773563589487,0.1200636499775403,0.8843993039432562,0.17476309395785022,1.012235687022055,0.49526058332933864,0.8982280948760707,0.698683328789534,0.32729065964822457,0.41190083936991434,0.6350358637490605,0.10740844665586256,0.5607571814819787,0.16875351739868616,0.006721615183290022,0.18737429366272662,0.09895598354589322,0.5828537195509832,0.6148239761558232,-0.01763635581037659,0.5403566010927594,0.556274911095819,0.2014051869392534,0.8175185344904142,0.199551319003107,0.6701374748491581,0.37954908179821345,0.3392216966833144,1.0948797678364053,3.5272815671321953,-0.017689780081178906
0.22000207269289165,0.7622340174437083,0.31862970275031893,0.269921154943806,-0.030192780057399907,0.2511769487576938,0.2712989666920294,0.4754417548647312,0.5875967511170902,0.38825967630633407,-0.028979819535557644,1.045920217075879,0.4065660594317308,0.538702168233271,0.5422697840880554,0.9638587211679505,0.5278878044584331,0.2262313928515731,0.7619379104097138,0.8769921294556295,0.9006360448387346,0.1911172281788432,0.8808430870612048,0.5992918423954597,0.12192030271603824,0.9011438292690372,0.6323739271538197,0.6321055333440744,0.73880209742477,0.7217263310717804,3.1711225014074063,-0.0695498239971804
0.2233593063080413,0.2971399660160557,0.5118020149412542,0.09369765235172867,0.11332990800236703,0.5359360568592323,0.7152725745313323,0.35248557803040914,0.8449287978679351,0.2930223507791375,0.7648684893035572,0.6726616664877234,-0.03835943909679686,0.6208592819692335,0.5383849404464498,0.3959153071408561,0.19655425167563007,0.6190909117909594,0.26456759407323693,0.7056814499794689,0.7705550567109681,0.3891816908255682,0.6641039195574681,0.32682789812332497,0.8676641635190067,0.9431301145731334,0.3780547132303642,0.7338857447335696,0.8489451248184412,0.7640877930843144,3.547915696349936,-0.1308910640940702
