x0,x1,x2,x3,x4,x5,x6,x7,x8,x9,f1,f2
0.1229248536381687,1.1146188147799525,0.2336033070319259,0.10476913200979845,0.030753336833602513,0.16933595952564873,0.6245759437029517,0.700756312351371,0.5722496934553986,0.640140644542371,69.40888999734743,254.37298704097
0.52333306381506,0.9280099840099918,0.44688730862502946,0.8917354434444897,0.1863846521395856,0.7096444283895631,0.9051107540990575,0.5205669355276168,0.5695173472223158,0.9331686585402579,409.6962078671978,80.38923182259597
-0.03534673834551405,0.3269230529969501,0.5961761780801198,0.41049166752511,0.7963511052434217,0.244417209740194,0.20372294978766364,0.9419760833857891,0.8860253847041777,0.11171411993157462,63.06446233134049,676.491440179123
0.2519144188736451,0.4249197984621039,0.7065722066096869,0.6387980728369034,-0.019848579265983657,0.20842022537539096,0.9029259614643655,0.40208417053522416,0.24263863328343296,0.8676295107147749,179.42615197660257,308.51756856584853
0.31753084289267736,0.280646690330117,1.1472842088418282,0.9258676459683838,0.4143518973403711,-0.04036964135148122,0.11486418777954027,0.9315138761752261,0.9374094309384853,0.8448894100526889,97.38431913981918,320.97551612818955
0.3992807628696742,0.6952470938086336,0.04487332368827559,1.048795496307473,0.33575002549982463,0.5892135529202436,1.076722223600384,0.9062610795507287,0.11648087724013288,0.4788909062700309,321.78864651203526,241.86587886477793
0.5453975053541547,0.7118184791796542,0.1795418125904769,0.7969502074992862,0.3257444927256851,0.42545204754650273,0.5146697607165155,0.13728219557022206,0.05916162202990996,0.806016924172206,516.6014449783978,46.566553023181186
0.6281096788282035,0.2693020277650787,-0.04229846893739389,0.009106913795400552,0.710701371060256,0.6480379095341061,0.8594062225652096,0.6237973860417263,0.5207618754607338,0.4191289944339729,506.10139129730345,107.11827505517579
0.5103958211877322,0.41028004480621044,0.11094283568349526,0.5254483739689763,0.1498475886271778,0.6435392339760064,0.8535460921604745,0.6594511378173906,1.0000369163661587,1.063526156518581,364.77262518806634,69.28814648961132
0.6102044540834666,0.4876390620550564,0.34066204115015364,0.5392117082188261,0.2472975354850217,0.16764844046543534,0.1284545667451016,0.6828452171692716,0.9266992959827524,0.09161916462907047,287.5744113959063,38.28928684098261
0.8404650828388114,0.5329011120498169,0.49365237828007646,0.9856186785344621,0.5281543796171522,0.46837334487838644,0.15622501271721595,0.9572938856322613,0.44495389696137727,0.29467148986708747,612.4649452301791,16.232006436225017
0.3088276601818964,0.817827494222851,0.16151787363189063,0.4534889889099436,0.9511726904902555,0.4938742164186048,1.0210170592791492,0.714596576401157,0.6109267173501494,0.4897354990183874,276.1165304048007,187.0875398184726
0.19491351533344528,0.8912653068232348,0.10799170829718638,0.8845847763326214,0.7100644022244985,0.15756311470463596,0.6392901186328387,0.11048824109701023,0.07196247785411411,0.48515303097477336,192.70834327260548,496.71200790083407
0.34969194300350454,0.24399452303957303,0.4575210420493888,-0.03374148756671212,0.24125912697250085,0.42280566371816003,1.1262088371939305,0.13918553698715902,0.7048023330672651,0.8908733094389015,289.63117711534335,328.32071392335547
0.42703822719790907,0.6793869668030341,0.805706649856049,-0.13055982624565124,0.780658002481112,0.31382160669934533,1.0477189175290786,1.210210200858612,0.4074275293870102,0.5492880724537815,197.6065331762893,127.69362979506079
0.6189194084795978,0.94315735683634,0.7674414795506203,0.1475090722981609,0.35599166121226977,0.243157039942844,1.0816913291588603,0.8225679622023888,0.8357550298284411,0.026555329598691668,310.9685151390336,140.37242576710142
0.6056770958607562,0.6929966458276374,0.24000351505289763,0.0994496777955769,0.7449840231581107,0.1071327857035692,0.4435201063777253,0.9879018089708373,0.526745187505369,0.9780940372064431,444.4449100542241,103.08715408105978
0.4354212711751927,0.5959813823467416,0.6274909390890722,0.2757283486434058,0.08064364191797155,0.3080067238492503,0.4224415231398599,0.29931396018030654,0.28021317849200483,0.8975087383709375,313.6168963066379,131.47809910049037
0.14941297382663524,0.31698306336498194,0.21641356050900573,0.8149611205448265,0.49839491786132056,0.7710460986273753,0.4352353177555287,0.6275014389372466,0.1504407646212979,-0.05026569620257332,24.25867336873527,310.975961247682
0.13646070435493018,0.8115022346582403,0.34845819195924893,0.7760727660846385,0.40342469557576766,0.7877583256828843,0.7176372265995123,0.6673840363388456,0.8232369586145029,0.5035610276961839,66.60615712197615,276.4199741063539
0.6437981828254564,1.0348886908388475,0.7392680532360738,0.6062608847174407,0.10254613300055365,0.21197264963503737,0.6412393836607636,0.5021147590711,0.395195347904438,0.26434269975454466,225.50884423460406,244.89710930431468
0.30229336852333666,0.47703451957192317,0.4982347807295566,-0.03849569567850694,0.5956344739607081,1.0039115331429116,0.14707612039894352,0.5150993507930028,0.236231204946893,0.1788610163729133,75.02821946027343,226.63479302585725
0.5287450367428888,0.3933184042691852,0.5917484930459996,0.9215523405657068,0.8048711582489398,0.9038278860007736,0.28166477063245904,0.8362813910359418,0.419893514100124,0.06929398043945403,279.68259628046025,124.89218788577242
0.5171391648737957,0.7593223433937543,0.5869449031673233,0.5314830872809012,0.08302295281244926,0.6242614197884748,0.8099262670693038,0.17602510310861968,0.7831686628939375,0.23379505392713637,183.11699199559354,281.9670905338874
0.3118460796092079,0.7336087992441229,0.7639738649275649,0.19046889840178988,0.30322245397800757,1.1920414676673177,0.49427079802644214,0.3867033896423134,0.4315061690055366,0.5951426170456978,217.35447302586948,267.43419112958696
0.22369992284363976,0.811044797395236,0.3805960269880888,0.25999601367102154,0.7761008047577493,0.7844332073267472,0.24872714451447167,0.6004784799043963,0.3694469048856344,1.0083566137084006,156.5832210077103,491.1087497354121
0.3317714789670204,0.5430338937760892,0.6750287674501789,0.7230961444876687,1.110648647741049,0.18564713968758023,0.40298337881657487,0.9654959177558293,1.0507496293379164,0.1651131085982337,350.6009188187484,309.68303535179564
0.41552135416580105,0.9614029316707966,0.42909617887852775,0.20555593460199256,0.5511973510456999,0.21534982990569257,0.4653652655680544,0.4833329967202031,1.0569088857032192,0.4811109666837643,384.8335470338609,213.46570403853488
0.15561143545700531,0.9149710490493774,0.9582346635454995,0.6481305199942629,0.1626982848012593,0.6249483248952661,0.5176639640453061,0.06489671321962712,0.06395998759982469,0.3951733030377452,133.43918972497585,329.554705173678
0.5939594044129805,0.941932109449835,-0.054271604987492256,0.3461868936593317,0.7392515695829076,0.11649845112813272,0.8796781837273537,0.45418345806011284,0.1691657590299111,0.5757675732619617,232.51873071194032,188.74801560269432
0.4566408582915478,0.6535499653020659,0.5087620159182471,0.6063947206757028,0.1960599699508851,0.4608570516652993,0.6761260498553436,0.07675313044543634,0.5637244718128434,0.5065468930621758,219.93013507755091,244.86990862911856
0.8746136187992759,0.8720030521441018,0.3175277433055773,0.4271566750606888,0.9538319380174949,0.5103821171441407,0.7668644442888539,0.7640142015461135,0.5963319734327311,0.66742493174496,532.2201718870361,27.36406426249851
0.0192503193766851,0.7680464254498006,0.37693700628234394,0.8568265816578766,0.7437796626789495,0.4863751953497745,0.6945183617783448,0.5417201823582509,0.536271883197886,0.0003279476010110416,52.50661988644813,459.7989899760902
0.783501593367024,0.7416692100491707,0.15769269673065864,0.5529208807840743,1.0522513038563628,0.615181200170195,0.056928481008521756,0.022026664077587174,0.6056873616954588,1.08692966501104,543.1272687607925,64.70386307789067
0.027750545865937185,0.9089577039141478,0.7364361380782833,0.7107911985475257,0.0808550713345567,0.31757280652201947,0.43032683069999295,0.28466886360608906,0.23581583775053305,0.2098525719690394,54.424520723791424,513.9576998672795
0.5642664699299811,0.24702587441878907,0.2403647194834781,0.7089633364633666,0.48599284611225085,0.26635870139586315,0.812879805273006,0.4159995195111781,0.7698881802941784,0.576664133645267,251.46042973368807,305.20619007915957
0.30515523237839126,0.6541222919111682,0.48585389356325304,0.19178886072263707,0.16083929427864657,0.8687382309922423,0.934612789442753,0.5929418698199698,0.4980287482157566,1.013380492931961,245.33340023744103,229.03159319011905
-0.055471237810470725,0.8823232631728373,0.5293717122418371,0.40991101779085765,0.889665443174808,0.7172257686559168,0.01509870120560497,0.6451906341028546,0.08688124887262003,0.36863738581361183,113.71393382979265,507.7927280451962
0.17597443816155625,0.6996882213141425,1.0251563320128039,0.6422419122056232,0.3397318381267689,0.21441975911478783,0.524443607554786,0.6567352776458432,0.8132943022980405,0.45427506331898193,101.12869604783101,327.41437329179314
0.3045261024704085,0.7283566163640882,0.7914209218634354,0.2673227640525752,0.9089500633671795,-0.08561050401056758,-0.05937192139195827,0.7194845907701386,0.37271421868798316,0.45204283872463036,179.77334918721994,293.9714273687192
0.5021675209541292,0.6124655168809375,0.5923389860311464,0.4184785160355539,0.3017903005740978,0.30237154754414153,0.9851494288662457,1.0024911585185796,0.42474605565889373,0.8959193167449855,485.0425754716035,139.07397166900603
0.3070542850685301,0.42728196566041476,0.5793580244951296,0.6322670604229244,0.20052930660485094,0.09584312085287383,0.5999839870416467,0.545610053229578,0.1657676731351308,0.8018858474503785,135.26325063876658,294.1946522849669
0.24055796402606242,0.2872333845015735,0.729900733940252,0.4635162499876501,0.13980665498603184,0.07193559137337426,0.31825220540757604,0.8299084522118128,0.1674035583991761,0.3374891015670062,151.9752057313173,271.9689036085572
0.61658611386564,0.43338676661177306,0.14140368055381566,0.01778218164068697,0.5750208529867606,0.9246651734756187,0.4577234299777343,0.21046385870524942,0.6247381528259259,0.6364572354782647,384.54684705845506,169.06308592474016
0.5925924438060834,0.2107151996256677,0.9555559708286377,0.4011137619561315,0.8089312343854138,0.11761994019584528,0.4691212793289043,0.05508737859287178,0.46269638393481594,0.8650825399598576,292.69598673372593,52.01639053030873
0.41140055891360044,0.46937386071902143,0.2605171939940703,1.097859915628742,0.6781427291087594,0.38722955970679707,0.27036028800514056,0.15039826399698777,0.7305907959056923,0.21791770111524186,457.16937301225875,111.24521551073775
-0.030498064891221033,0.1938172028958725,0.7407685014582508,0.4403827453826721,0.9397626736418823,0.5560717710769247,0.6937904797360565,0.5045345589392426,0.6483546312533667,0.5492325215049729,58.91828412946781,494.8810187160476
0.5278621163021564,0.5291299306694695,0.6227903480298714,0.4643003635964083,0.22877357919442887,0.746535885110439,1.028967943899368,-0.05408291355226165,0.14197214824783191,0.22587030874593583,484.79633131988595,207.17540932179725
0.6188874171834214,0.6189128616356016,0.7944358376831134,0.8395787919993718,0.9710851596989669,0.8182110679976582,0.19963155798180368,0.4615423314680375,0.2525872075783083,0.09585480633742391,388.5021130511815,129.9675392737656
0.4869094731438978,0.9143749361151832,0.15815499423923013,0.7173265224633362,0.1495068206865217,0.25404990846399916,0.05327341958385514,0.20683153677992988,0.5552559322126518,0.4214031558006973,79.19940317070352,299.87163410946323
0.011142946547475469,0.4464147009881187,0.6394265689003449,0.0016379854687613715,0.7681033514519847,0.3117675154249234,0.8475350261494211,0.13721911083652716,0.6802177294075629,0.41511470262694206,90.53775642913041,363.96673524104597
0.3442559312229507,0.5038988513605991,0.6449311688181479,0.7227637340357361,0.5598881005257834,0.2947357329778768,0.46586288108910057,0.5630609633967746,0.3396188453067442,0.5749966010701775,259.52931768635494,276.0561918616832
0.06961749611021258,0.3775997331735118,1.0841707655714967,0.16522499390709933,0.2801535279278912,1.0747648697514802,0.4378375121190335,0.18850246098517964,0.5010818975400706,0.6211418331036571,13.122659681404745,377.3719352826282
0.6021645949817469,0.777259350116487,0.29401118934810594,0.76392449461937,0.4618392592362376,0.25823098541962086,0.7955947915568831,0.6006509267745076,0.38338165541390107,0.6262534642049908,314.40987275346566,71.01230211756778
0.18115161338436658,0.2698671789953455,-0.07315597487272105,0.03643738408162972,0.6162063496519615,0.6784986402002428,0.04565187446051175,0.860305477798484,0.34698280147688587,0.6114446290794272,104.10649314215367,441.03873965833594
0.6449544330007748,0.4370201530681707,0.8263220052160583,0.8561974373244895,0.28549833617026776,0.2714507141322749,0.09018377770449915,0.20432278208403964,0.868588480647039,0.18994955569860772,260.7643541133483,123.47990737366186
0.04903614055419486,0.7209508919617563,0.9298781724024079,0.5903549279297123,0.1886561141609683,0.12323726383874718,0.2708444621089492,0.3406671479673079,0.21306397467403326,0.7086270922050752,26.163769421275166,365.1413651823229
0.6774655059239199,0.3092024149112908,0.5484406669315759,0.6441694216624715,0.13651236709040998,0.5607770992450111,0.48407973791632875,0.9088979699040313,0.8688396888660508,0.04650154707369941,585.9063860729381,72.08032111457482
0.45162928643476163,0.8195678381701557,0.03556564906759725,0.16535426733871933,0.7826252014495026,0.8836401096900729,0.830471159473537,0.6462656008847035,0.5748542220777019,0.6225566384602785,130.11161422411664,561.4131865307354
0.7865264357657418,0.5616324417493415,0.859878741109735,0.7303728911944616,0.6683615070374468,0.4423165712595477,0.606418914554457,0.8045530216699592,0.0076829928778606865,0.5445709797409499,333.33988708371817,22.760035912558703
0.5252947775012239,0.7614850473263113,0.12377958371008485,-0.047108658830684186,-0.0455766755615883,1.0371191914518483,0.8857835173743731,0.9287901076051742,1.021414769788601,0.8500308011542104,373.73230048802316,201.3003711272603
0.24186187982300572,0.5428347010927538,0.6878875413506068,0.8274511443714725,0.6428228873908831,0.35129634560924433,0.8635027697660869,0.6611951882373841,0.4508636270829883,0.5723839975753198,185.51820227252904,240.5693248564533
0.6499117568660879,0.6037297295130866,0.09223358906514617,1.0773767711337134,0.8250771231595786,0.8423309969561634,0.72911823707517,0.14582943016844144,0.35948397055011155,0.3682776116178882,364.63556463005534,66.35092804829438
0.005674670521786173,0.6862399293866049,0.7005830250104614,0.3326473107171835,0.4711493319229109,0.7520661313046229,0.24995993352664345,0.4996464646941313,0.9800383046955056,1.038470942725835,35.241511269194675,509.77388934726076
0.4104326733098939,0.7967295049098765,0.07662428142410614,0.6621323958409904,0.05110455652082213,0.7689877550559557,0.7189180246103626,0.6402353253621575,1.021786693494624,-0.016379226956917618,344.4456487582976,282.6577263421997
0.600322566899559,0.6435152610538626,0.31065567661731175,0.6396489558015318,0.6113432849821032,0.7379026771935525,0.32037767273259865,0.3622363944564351,0.6799825381246085,-0.055366832121592734,356.5257637382728,131.2741866170141
0.26812942750886803,0.7928150051424534,0.5929655784525378,0.9462802437856328,0.369834705157718,0.5840434151815742,0.8065299550667593,0.24331045073701948,0.07702114431472884,0.6188660164862902,256.77410559733767,178.86107249270236
-0.017341758107785654,0.31691980576729084,0.17079787061203608,0.7381231341999046,0.39990364930937894,0.9528500490179074,0.32336827031188375,0.27154090405417197,0.9770762878296366,0.1376431994386641,107.12271645454904,413.56918706186957
0.36668343402077563,0.8273824244207115,0.6369014086581928,0.12542782722999637,0.5783152424813378,0.7156156500439488,0.427376803249773,0.39327526823298,0.42561919568759915,-0.02995409415534614,362.8636368815577,205.90275758700895
0.3491293922358882,0.2844972687061932,0.10908687899955927,0.4747644514407487,0.7944438521767441,0.8677105424019076,0.9123264543790003,0.39282343950701026,0.4771489737823252,0.37893976917281064,218.30581814439037,328.2038796303502
0.45345038320261394,0.9205335791624663,0.6256736065000912,0.7912812058351031,0.4170440491152137,0.4757078725521373,0.7469891364663915,0.2483642227058859,0.6600630509436871,0.1985789905450962,239.01836651187668,281.98005621936045
0.03512367369992316,0.38289524296024247,0.8952336196652677,0.25139054845673486,0.24780010007528047,0.4532511236281786,0.713155690115427,0.6122011029908327,0.350628198649483,0.8535625179263372,3.396990385958869,544.987467020629
0.27195691528874527,0.5333043645353771,0.18508978487011263,0.29538841894691226,0.9287627549888148,0.5815318376250247,0.8260271062179807,0.7798837741151877,0.6307893859414334,0.31891246134639467,200.59647258945083,319.05319552243617
0.41457383189471686,0.5927077152753115,0.726964506403802,0.8659158323453114,0.44194205308098716,0.6254794089773614,0.3198180991177577,0.1558899898522956,0.293458518455541,-0.09736651101636264,172.31208865643805,343.6053384338629
0.20481893698461728,0.9392752940464315,0.8611767019014257,0.652441568304919,0.7075251702645,0.9821057669317512,0.7011223736110764,0.2519506777199358,0.8573080794151923,0.8110972447013592,37.006177212934666,457.33347641022203
0.06704432412054753,0.5900758899859517,0.26048099885183307,0.4025798386451051,0.8911342025773594,0.7458233222951229,0.21738364164984048,0.2051483288457087,0.4779934548655572,0.9564617169317792,1.110252647894207,412.6166215352425
0.9029700922733701,0.4090592709661762,0.3297728322431192,0.9640894630556747,0.43049142623663467,0.6610500900632115,0.8328632334991438,0.6005802009071229,0.6150281502691517,0.3108099788548218,264.1516106948077,65.72293822161764
0.6053731000705701,0.5787786292637968,0.3463173903500684,0.3947542187985854,0.42087865267740143,0.8381566818331891,0.7701876123341457,0.11146478777435552,0.8408256394952623,0.27721687990063704,577.6860169207106,37.47542624360023
0.24776495311799487,0.5934428097449271,0.5617788294550018,0.9962903473680282,0.5848675505550959,-0.3718892342869056,0.7823145466430912,0.5665901001738156,0.8620297927052029,0.5238120215797325,111.51245551320531,324.56236451197117
0.7362039674928478,0.6609652304405035,0.4387954303732836,0.39667805954405283,0.1942370409789264,0.957671393288244,0.6246826557484713,0.8835821093126528,1.0100909616378524,0.20338165256965332,370.26334887748817,148.26889901361
0.3978689105087305,0.6136356862114429,0.15014074260087368,0.9326125623736636,0.7561468272155714,0.8315425461765136,0.7127539012039932,0.6414688257804786,-0.04701798564867392,0.5204495947496799,361.91407429350613,343.33023735033765
0.5219589131794674,0.5960453077469181,0.7319359157074948,0.46340201401088926,0.1231885030301691,0.8030694506326712,0.33389062754790017,0.19848585937029656,0.8134758963841514,0.6922743185949466,206.95980941528566,138.5736404619949
0.3633166765574566,0.44323367847473805,0.48316375703920106,0.7231267341341532,0.7162980912316542,0.4086284100079195,0.46328744120251075,0.5703179657297058,1.1299632461056548,0.1426441207683939,410.41412864553456,208.9761288673242
0.3859856361055472,0.4944611660724421,0.6275610164327703,0.30130097470948547,0.12905094327910688,0.9494224371419614,0.41680793082408285,0.9204917637855304,0.6413165727014134,0.05867061428884508,125.30482472829956,279.0797532641824
0.07959324049926858,0.4392048357831612,0.3389281886121893,0.5036247669937404,1.0812282116169287,0.8769215342025087,0.9904826047855553,0.40834801359383516,0.7167461647290749,0.238439648049329,9.458515687280714,599.9331383387837
0.20957655930836755,0.11626576661046722,0.24700171619160907,0.6535751360897817,0.8151482554503908,0.21942472741136038,0.6766029608957983,0.3941644631880625,0.2908936213296091,0.4864042889432752,181.67671185586786,346.4051674640329
0.5066566566301616,0.5482580623631734,0.9232750194835725,0.7297493855122755,0.7873125905246958,0.9818105594203395,0.7736869602289018,1.069170073874959,0.7852882385944789,0.864771703543782,178.2014250784203,139.38257990245617
0.17657603858220455,0.5033309514452227,0.5503323823657568,0.8368887668079044,0.8256452785416344,0.20721554955976135,-0.0406467176063446,0.03350389773837887,0.02059095276474479,0.15490867526670304,60.09145059396447,416.6907438831997
0.24449754391737852,0.4906815643736194,0.8841320438361884,0.6078247702357925,0.5406321231925987,0.5597005542495329,0.45799217411786686,0.5734722371337584,0.07886063962732748,0.1399921406594024,94.19743274546921,370.43520900935357
0.3583400718073433,0.3283957620132423,0.2275195061899035,0.5557206412390145,0.7492829843259516,0.4274952663251339,0.6189894467258081,0.020786303194770886,0.5089867988583324,0.8181573928025803,152.70651602604497,157.4781476692803
0.20722991087960962,0.16077914122930692,0.2484817263577187,0.07961550520939714,1.062918065414783,0.43077928695116496,0.5517481845704721,0.30940439393203334,0.7882095403572196,0.5103974751117356,75.21275154738657,421.678571321596
0.46449352092718943,0.4612222291357041,0.6087297424279213,0.41553893686267895,0.7328315163104032,0.8655317752667249,0.2823858099056818,0.8236446030592054,0.13919141244715968,0.01541908945504891,203.74655320852642,199.07564082506218
0.8833635860923263,0.3439690891764696,0.027634407756508494,0.6429069469086954,0.8562586643676988,0.11242250305060551,0.12416002813406601,0.2110466652349283,0.08060222359337654,0.15097944061331242,550.1917911804999,19.402118852894716
0.6658002137787662,0.3023314465694563,0.8699686932692958,0.5453683308749155,0.19339440521491,0.3003878167429362,0.35869817954234984,0.16900512106663576,0.2609642002938213,0.32389756783449614,360.17702919498487,46.28003763672439
0.6118781852727722,0.3357896005456621,0.6600192467241132,0.45448355080694613,0.3708927589604238,0.47343605388306376,0.7574492269084702,0.3514134567539442,0.13715210469531622,0.21655657194450412,229.40646113363564,94.02354030536982
0.7903481339342352,0.32706044988483307,0.1660994780769383,0.15552905942718775,0.8052109858836777,0.3358200898150223,0.1556220960606508,0.5694496509815389,0.9155199330727763,0.35412375069848373,499.1234673348752,26.908480422105214
0.02986202043536487,0.5597228520260163,-0.028986240749576536,0.971990462811878,0.2629934203048353,0.02392836999831517,0.5497653111382039,0.98710642355945,0.787667285254385,0.4737900210844837,10.016895957778976,533.1304428683939
0.2569836614626099,0.6342872779640196,0.6238716318453851,0.0997971290324231,0.4561603933934698,0.2718962632632168,0.30881889390634953,0.1902378107500519,0.4670096759806729,0.5956480023520709,207.28161798916122,209.41097437941949
0.3454365532802883,1.034292922505042,0.128553106008956,0.7059028988626369,0.776862747461567,0.7518531119690707,0.650196915894065,0.8271278524499147,0.13882097734597107,0.10638016652057249,129.36149749891254,249.29217544279504
0.19160962170603413,0.4901059654339579,0.4554165292917504,0.06650313786878154,0.72445950369726,0.1980524892027183,0.1761175810256962,1.0663196630904628,0.25587167509546316,0.05595690781242957,163.87386602731954,390.0712140080794
0.3358334363766145,0.49482162332022384,0.9409734848715198,0.6567225839392224,0.5485183605524674,0.901145395812003,0.38360743338629383,0.8512378740547543,0.7107682998623552,1.076974189109094,271.6852694831301,369.5562247473165
0.17353379062198526,0.6602437263738222,0.4537061564157687,0.40954877460646444,0.8492708563618683,0.451555810893076,0.44036033400020685,-0.03114851001594268,0.21004305861420658,0.8638425384101083,10.974142174476935,485.94437206581165
0.4645293422574973,0.773586889764498,0.8160058300162738,0.002813128843687465,0.31488168502831804,0.14791994293018368,-0.11870803348859221,0.7258415572477772,0.5437363923284331,0.06722500376479285,492.6482766537017,247.06197053429676
0.5522301711489929,0.5277946705380595,0.9462334108696254,0.1824545250578059,0.2783704575002188,0.0007375733932727807,0.6240588271875978,0.9016328369703998,0.8776973504776422,0.703312869647608,267.76389944966974,139.70914023110137
0.3218010209800929,0.6184635571305973,0.7142970366444613,0.7905197671064342,0.03499031209214826,0.4299602616417227,0.4762040134199349,0.7290094538163164,0.8843772882414798,0.5699379320754598,335.170804332085,135.7330396374607
0.29482759098729827,0.49963218210103594,0.3113727589840537,0.38439584654145215,0.8819561825225581,0.3328514537450084,0.7965139122364688,0.8988066229826137,0.26227604820334527,0.4877221140029506,55.440204847289,283.31358993745135
0.6763820231336594,0.11419804860583452,0.576434327762464,-0.14633098838712702,0.9181430257572436,0.31597171556205983,0.9198311454322329,0.133579250860293,0.6044308354443572,0.7024146454313633,362.9348116910628,60.942332374845975
-0.07280871379198446,1.0110349571114925,0.8253896968892777,0.144974775297053,0.5500937686673681,0.195538364548586,0.948028098877788,0.9789739064934405,0.2778972972925241,0.13045488568446162,29.91671022820148,477.71966883354133
0.37438275655614545,0.8110505482661802,0.4087070767612627,0.5614958926099516,0.19141540463213538,0.7793295843223218,0.4073853244487133,0.15531472521665698,0.22266750409693403,0.8069585193972039,150.01141851977232,254.88681262366075
0.32820937091425867,0.6372957538996972,0.4801428225984713,0.747238560197417,0.7135391418763012,0.6887991952829882,-0.09544845380974831,0.3069415083107496,0.3794086507168254,0.3760265005872328,223.541043873739,460.5307717394992
0.24727732528780877,0.7180059586653444,1.1063796679658429,0.9404484271075999,-0.03187061821216238,0.13194419526539328,-0.11104023531139987,0.06622384676192494,1.0095801999075726,0.614313925943694,222.8046122970004,385.841219327761
0.9148963616957569,0.45600419358482974,0.1474325430015473,0.5185455599888504,0.8614337619004369,0.24464320450387056,0.5487987607171679,0.3827062527741757,0.4981613599185869,0.3413982259301495,566.1332169909602,19.196856455680617
0.7101738525509268,0.6702537988812526,1.0160075087434692,0.529991055349022,0.7250973638999673,0.7469042811996298,0.4705407996876126,0.04240745533564412,0.05069638901660058,0.2803746460858152,226.0932015762739,36.37808205145913
0.7267440090667194,0.5656932205027997,0.09521145323031663,0.7425302734382908,0.39045952415688867,0.7807532474307936,0.7026917990013056,0.714346697179044,0.149820518299381,0.49388757983189907,492.74771376094077,37.08928805796386
0.04294416505936299,0.48561474125129245,0.9852161529595256,-0.05727058592639328,0.9898097293483819,0.7098647667389906,0.06099054222301749,0.4283927787372269,0.0906249575543118,0.8895556215916903,85.52375937973189,567.5613411557223
0.5342136761964132,0.9730798577951193,0.5014152132372149,-0.18090332302375106,0.8415429142793079,0.5970162451155856,0.04227037045614421,0.006074504335653937,0.21887869455197498,1.1176060249847457,322.24390569677473,70.30054248432762
0.03624595561101708,0.7832046488422674,0.5325103096190558,0.8322704991382381,0.7594697433376507,0.3829702520171352,0.0028563872245158106,0.14089574944582003,0.5009693173749525,0.8958189109077728,47.60575852578184,345.85170430486147
0.5770301402957648,0.5606759611414126,0.31350228650826373,0.8844176054113342,0.4902885676508797,0.9017270010340611,0.34309049611627196,0.7390847007894619,0.12688834749500166,0.42944784758329335,236.7207646525734,61.208357430433395
0.34493016132400606,0.3611060239623133,0.22269028078962916,0.1542391981900182,0.2322227240932345,0.36330410726075535,0.45366802074999496,0.6097799243393596,0.32620138421825706,0.5071891606039027,184.71716105539377,215.3427180538808
0.34360324092213135,1.0499674849067713,0.1294877561406072,0.42399130679359465,0.04208692265303948,0.9170297138537539,0.4461445158015785,-0.11401599847215163,0.40691647998700786,0.7307966139933302,102.05566629374448,540.4206635355907
0.6306226749642008,0.4784477668237957,0.05237059579273838,0.8663723586525031,0.2857961565959727,0.6670659150831107,0.1502411765918844,0.9918326587323021,0.19754754097832056,0.36103288700586134,426.6415467396851,26.028148988789837
0.2361051145408842,0.4707731171115105,0.5854145661966753,0.9447500149912756,0.45637851366048343,0.5720554950291743,0.5396204186588427,0.1472741490642102,0.9718695000592009,0.9843165240977864,117.84890766682234,441.044146568399
1.1125456792855952,0.5209725765139693,0.5615919858688493,0.3631877008871946,0.23493456609231742,0.22466556034919746,0.4109725852079885,0.24433718280046687,0.10788928445815733,0.06578943607271846,299.6492325687385,0.2744203672637556
0.23070881733050308,0.34494747038697204,0.8278343451698138,0.4489367484726761,0.6507223023061722,1.0629427746315168,0.3125049219273182,-0.029144170000017337,0.9591583181659495,0.7892354237692156,74.38817216061283,328.1795140227288
0.4650361320741623,0.43170170206244024,0.19515596010417102,0.3570364851351132,0.8968594375149218,0.1670714234058319,0.19588092603843557,0.3967011663900222,0.9376033312118667,0.6438711521240741,200.0928563725789,454.5546583942451
0.3157143553249769,0.53607101917886,0.6824977835644487,0.9862385623419376,0.8854385287125162,0.7429331556372285,0.8265125559321811,0.2753646073447087,0.5183948901793984,0.33041755207857426,92.14370946289912,242.66547911561386
0.4408333018074459,0.7563209345228199,0.047012962166673986,0.48398050400809567,0.3399671482405162,0.7372911770815174,0.16075149215571558,0.24563290728606715,0.4830858830957244,0.392578921538626,208.188958655804,128.04525006976414
0.18467555299287597,0.3261605036312594,0.09450764156298475,0.6354569310209786,0.9684201611682126,0.38236725472517663,0.7528840678178783,0.9016518610751647,0.13313816347620747,0.4390700699817872,118.95569956279785,416.17356793284
0.44662856886855545,0.8266452476614607,0.5791723637808489,0.8964035221844426,0.9222224773401931,0.04138965811913926,-0.05155678228881784,0.52075539811271,0.40099397039444257,0.5581099773220057,304.0878983464232,191.94033005332997
0.11018956024492257,0.4108503215375834,0.7756889996344941,0.48087257144185336,0.07300633799747043,0.6265098275519387,0.5203858344387898,0.3935651742076993,0.6130432753845558,0.7144151406997936,65.92730260175038,339.83283549896447
0.1687797571220586,0.5332431976998897,0.6083216319047173,0.08257603152218541,1.0732632795420682,0.8130985542559988,0.48005383851855843,0.06256689841462175,0.8687964341088181,0.13080022135258754,140.7434577050258,484.513199058959
0.4179408549010644,0.4850674023250039,0.046278091906546415,0.45424416649078053,0.23598402678708125,0.6385504510555972,1.1254196743918665,0.08525845963864259,1.1615077153547873,0.8066191582362006,223.0557100518768,201.09374223395702
0.44298422951476313,0.5634238558366245,0.07304872007500542,0.2893200615888725,0.7098193202790413,0.4701811181206821,0.0447636072677281,0.7807585021907428,0.266083435413336,0.6203386287425581,123.51209036950998,217.42276622196343
0.6765657051982343,0.3392808932840962,0.40303808517477474,0.6174557627207811,0.8366069836214973,0.5667830692563097,0.4427414656186829,0.976883710925489,0.9090643077101885,0.4485398870686425,448.16114116110805,45.96830637331121
0.3593503898476966,0.47670946895146954,0.38971673807773105,-0.03314572360065826,0.07105703409528441,0.9106810087966881,0.12222613495153356,0.2857917207596572,0.8230675547801553,0.5156949350393201,201.652003961449,423.0268525765051
0.6883640612565224,0.6637959641216844,-0.0499347461188924,0.597932286841998,0.39633764407723493,0.8507691804808594,0.14143920516206113,0.1154790622533583,0.21788152187891563,0.6646316124681566,405.3279160854366,110.71108272868719
0.7262782670375181,0.7239457286503023,0.3726896795057856,0.47571981962845716,0.2661937478044598,0.11045792395115529,0.7136773976596013,0.5113221359368296,-0.03196117086029435,0.5370567619105756,395.4224715082423,192.85112583398322
-0.014422769875248515,0.7449571496501836,0.6745716233448806,0.8391802631595645,0.6588280875604693,0.7850158978074546,1.0855195586634008,1.1698263430445932,0.6130842278266928,0.7231309384547453,29.241427971180368,326.9231984938742
0.9998657424158011,0.45714514285957397,0.2578319072294477,0.754152689179259,0.729105626432376,0.7990134180730802,0.7143200196275383,0.17525318938940712,0.06662700027605795,0.65672446065165,617.1209352334705,4.597880958550307
0.31345262363406623,0.582536131863321,0.07301338924838015,0.19301724250927227,0.5826227820211561,0.09435009418062135,0.8328764136834249,0.8984812182202231,0.24563599721131846,0.6611406090279046,105.20061926268141,232.89578815007837
0.1755292175438463,0.7215901274661851,0.5999090614966555,0.6765775268006295,0.6774231483131666,0.310451369265475,0.8716468087297663,0.9188639507180015,0.6019034503891478,0.31974070285858625,86.32427345673433,234.83344377428634
-0.023396269979195278,0.6552455005503415,0.26273974181916304,0.36602961453204474,0.47406767033324415,0.08184999640326399,0.8726844344931161,0.5618842607166408,0.6134222411680593,0.3100945486756055,46.06318904831346,291.0229813053728
0.09655347881239146,0.9689000173526563,0.7517904341053151,0.6263958441219278,0.45361429118528196,0.4036545973709197,0.23701606036475018,0.10440901549311951,0.11866486285410253,0.08319842279898738,85.15750863262578,516.5188657484695
0.21064806914784384,0.5490337389819946,0.6359361238639658,0.10871941263064097,0.8152401153523325,0.25510429746305086,0.6305525851230266,0.6200971827782479,0.21083978105023155,0.2621779449007602,42.70442684133497,267.0061581887846
0.42111057733095486,0.7615284147879271,0.6277368241339966,0.21132602078706522,0.836575742153409,0.27981950135837513,0.6491726356186821,0.563929972148002,0.18352414077518836,0.5190110748635515,109.5481434046657,79.25350424950489
0.5326266549915185,0.7684194672846532,0.76594889972878,0.12087103704642357,0.4881000182561811,0.19555114199492982,0.5849136358723813,-0.14720335978352309,0.9032340833160444,0.04411801392279976,133.93886889302033,193.83845899459132
0.2807149086668163,0.43181472730403936,0.2949491039750355,0.6109620103730969,0.25280053511633427,0.018846462609057757,0.502785841768596,0.12483507388771564,0.3705101913020744,0.18711031334760653,71.98197086366764,333.86042505066695
0.5034732663545028,0.28757678852565305,0.4973574972541195,0.3800725213769666,0.5243435310768716,0.6193917854063498,0.8061907534290222,0.046383150173202756,0.9360093161903007,0.6757583147837756,346.66702850530413,104.5849618375643
0.10256381978977186,0.494286256162743,0.4357898366737894,0.5896033362389332,0.4006649318891217,0.2976984333770827,0.5310654341934655,0.9728177674128455,0.7751300094702798,0.411718141752228,62.839676930399754,360.86015283101165
0.7299083719136753,0.5258105413901664,0.0443439185416285,0.5720028298332,0.4247207231899309,0.5098918625075575,0.003108724211588299,0.3436603900578346,0.7445380900876645,0.5514926371669852,508.4281787942235,43.885143298487336
0.8250531624411581,0.9795877681074697,0.38469111602531486,0.7890178071589959,0.2617589439264145,0.9190229081130966,0.24713484476605502,0.9897239904261173,0.22209884894515308,0.12158799850689289,481.3353870784102,47.50201253534298
0.47573315893583684,0.7840594936374065,0.11709622255407492,0.1485339025064372,0.4281397206756268,0.9648594395875499,0.6700637342831886,0.11715789738912172,0.4760668930572102,1.1029808480949543,375.7463991788419,186.15283983924513
0.6894024154765893,0.8073325186104867,0.5819232818055886,0.5821440701726094,0.10236207029315711,0.6141317997178258,1.0001867139366203,0.6343725214003311,0.9468210599837589,0.9013462146993279,381.9840729809466,66.06785210558057
0.15559330820183237,0.35824943006019866,0.10390828041833289,0.2657418273641159,0.9125328942704432,0.4202329567610344,0.7917250639812228,0.9382775490105888,0.7581875521032015,0.4540250538459425,276.8529355556453,380.90562983916806
0.15758084098973324,0.5231022647866765,1.0152646200413782,0.23263123955111592,0.13982930111005212,0.5947506949465826,0.13829522215238502,1.0551476275764244,0.6964697745242567,0.9838250208231587,98.0727034167789,488.9682103404347
0.897474674873838,0.5730695856549871,0.41794919456304097,0.9042034966520023,0.9613982260852745,0.5348686911719142,0.32531489031628097,0.2083659540557755,0.14077999575044106,0.2221100013859329,438.06991094589694,35.426517179767515
0.33037750409150013,0.7889014904965901,0.8299438118841285,0.2411639147453725,0.4735869716359969,0.11947402446591905,0.9075083349828156,0.24082065935228575,0.6577400934210088,0.3551351514584036,327.18028161035596,285.49533900783854
0.47352856757811235,0.6395584855636712,0.49136766447274133,0.5722875098272526,0.18975356417600323,0.05447781431049746,0.8987121629766551,0.5975355261917996,0.43006905781357724,0.4016393790270005,204.5976126359927,88.22770856596384
0.5408393708342191,0.765109420841595,0.6200574733570793,0.2068839449089961,0.47831480450554303,0.11414651477295328,0.29537641840304213,0.7420123738487435,0.00828838699508181,0.4823401157743215,332.2566870146052,155.0261707706818
0.5428598189123136,0.6329194726833675,0.8196955376723549,0.36276752137291207,0.7728150517207781,0.6885442115164433,0.6532998792220258,0.5924095077635703,0.6597283889962949,0.6977683561739019,358.3024782351331,127.89014256928547
0.47232731645865783,0.49924508857138156,0.17908051377446674,0.7700086430259421,0.4566940990341396,1.0387496596456494,-0.0106327222363371,0.8868396466154312,0.37888247872428626,0.9530257863499797,276.7170937424569,232.75233780537235
0.43646493698197064,0.7451735766276999,0.059021443232280604,0.37080128897778225,0.9534947480330976,0.5705401550875273,0.7111496970181502,0.9327106221431687,0.33764989880759766,0.1171484713240629,238.1523792501348,255.43976413835915
0.19434276150003005,0.7752435341022522,0.37748942637228505,1.1390180713791547,0.48856886219232437,0.6104993673642157,0.4062036692967109,0.5479579633580477,0.5539478990298954,0.9082266143105551,139.1157940084305,398.58554467792106
0.32326282484032487,0.4250426830736496,0.7439448411330908,0.321369310897147,0.3714854834179433,0.3483241946975464,0.5843748465388687,0.08627400679968547,0.31926864986297765,0.7501155110261553,129.54857013339486,398.5861693190768
0.6339959222896684,0.6901051425723126,0.5085952544163559,0.6519158835716636,0.20866091685425253,0.14146514705601804,0.22919368105725343,0.26963273715329594,0.260632729773379,0.511333133354967,478.0649197708919,51.608297438059175
0.551967294693807,0.4038911252127071,0.8473053070235471,0.8233726530940448,0.7652983411028438,0.9761884507384752,0.4575699408117502,0.18399646013864807,0.8969235988625694,0.7523064138770083,348.404399944349,90.82067199178263
0.36339865333275184,0.893230710549025,-0.06503803519520973,0.40778085019930627,0.6118684754044466,0.31784546120285523,0.13758655518236962,0.6472013162295281,0.9098228151480753,0.5581073423697508,323.03969227719443,400.13643023174495
0.7990649438320478,0.7052918279152004,0.13220179897913759,0.1559075019288206,0.7148724996035799,0.5218930364405919,0.6678755499806142,1.0706580224901352,0.4101771377664576,0.2929534878618537,423.5720461063563,16.319149095547708
0.10601397135963307,0.48547794286041235,0.7663481741510985,1.062311389956929,0.6224581066435045,0.1436625376731568,0.454782317505987,0.6937546238112546,0.6906009073566555,1.0295372201425632,19.44975682920205,407.97714124608405
-0.1353447747247084,0.7554570531936118,0.49799409007479645,0.5057571054278701,0.6033372409455398,0.7728723236207414,-0.048483138128257754,0.5717001669005928,0.027760127467179603,0.5218776864000743,39.30128125786168,456.8255487843496
0.429401169105632,0.1668229906433673,0.8636383659501798,0.7617988523677289,0.8224040608236168,0.6740199739507767,0.44518574117075527,0.5515857501619688,0.6746320584018003,0.6255407273891168,207.46491611904844,185.33996796989197
0.16394961377788872,0.6328679703430485,0.6543978807387002,1.0737276811885992,0.7896011778767904,0.23533989875209763,0.44977906481245256,0.40460786723955344,0.486113764782579,0.4829797607222768,90.03090632175756,220.42864653652344
0.4264821194416879,0.7330005397653115,0.8456459207745963,0.5449611792252755,-0.1339123786685231,0.4145723008568118,0.587878539451101,0.9062672928657731,0.19116326480579152,0.7906238884877353,301.61423232268703,144.76469082264765
0.40435254257617975,0.7772278108118222,0.7723865556801179,0.6802229303394,0.17561111407527577,0.870671822061628,0.2142095577839873,0.3237947504530936,0.5090168137237148,0.5376095311018456,223.42196056226618,354.2579071055371
0.5304981090588121,0.6625999785950244,0.6499366851207917,0.6594587556504511,0.254201106276738,1.0258011762238144,0.34037772017668744,0.04949303388091364,0.8026353721689702,0.22010643414042622,394.97815146200594,137.24341453476052
0.564791363954596,0.16067053487055338,0.3660108459370871,0.41649324828785894,0.34453019582802025,0.4067053909039203,0.02763901410233311,0.7646449645808462,0.12624870609910233,0.7486059858659755,294.88812941212944,232.02635721712943
0.4998959210074791,0.4339367070853003,0.9346537938172642,0.4536859690554506,0.17204151584285735,0.6135495997230718,0.21169224100427733,0.3678282144023805,0.1489272379895593,0.44559584313382045,348.5822395967613,218.15747534227532
0.8736413403091275,0.7718203966243063,0.18953430734213433,0.24070838538945294,0.4831027193040138,0.7571669392431316,0.17254587824427048,0.770291262303727,0.6771729524066712,0.9760768824816574,499.67793366306444,83.16895226081526
0.5619147764509815,1.138519663236103,0.8477714232543687,0.42072842070109484,0.6889057841493653,0.9611231240466143,0.002901809376634465,0.6073772592151887,0.5512211447849418,0.4425687750978534,312.6962756870746,167.6565602433065
0.5192888123460193,0.5591430154127133,0.8714632248838559,0.27445317844652045,0.9288978928630423,0.0474928935636543,0.22901002921115185,0.5422501036722629,0.47293912017001094,0.2657455289235024,417.0542166229742,80.50478000109504
0.3737948394929348,0.44755490684691823,0.8039788015038277,-0.027775919326320488,0.07310734711690053,0.14944730325546077,0.542163782037299,0.48848362601964035,-0.024190373989071097,0.6924670850718313,212.12885701231934,255.46041548076354
0.3185428354636919,0.28105184746521733,0.4021373222759774,0.578233323636506,0.0017752455797151595,0.4950353565435851,0.5793688943854217,0.5010380390446267,-0.006571271331413643,0.6089216409078867,289.40534037213484,426.15369898427855
0.6828625173279278,0.6845788146550708,-0.22946316808264292,0.08564553463254201,0.7516391379521355,0.7283768887858788,0.9111833844041924,0.7884061650330128,0.35527824076000436,0.916700348774856,477.2393462753024,127.4774644904795
0.5618530680452277,0.3784689807001353,0.8051868347018438,0.45232894981039,-0.10590072218658637,0.8529354265583425,0.8654622135521599,0.4073623330782137,0.2356279038588567,0.22643296679059544,408.81081804939544,155.71867352533846
0.5405477881761277,0.47452612504877584,0.9116522872011472,0.061936426925311615,0.8310973548572762,0.2677891181933345,0.6021357948293921,0.21594250252150657,0.7360615239645347,0.1752018061541179,552.3042375813025,79.39748679916076
0.31511506180732296,0.8062227242289359,0.28306805681309843,0.9647133621163477,-0.008876410961176764,0.29972483552230983,0.40673792452303525,0.771313796979635,0.9828359179542349,0.23827119848854225,293.45809687521347,170.22736345721665
0.06301556979267209,0.5802289326241898,0.4101081879741534,0.36283710897941573,0.4234139789745786,0.2944246637437341,0.24138309182732873,0.7862234095699857,0.937913779078333,0.06193699426278133,12.525392532371642,446.9645186959001
0.1936229089547678,0.7090308386428605,0.507128457385729,0.6552406393707972,0.0008935463164746332,0.24845225503286122,0.9211942394347923,0.22782688925301994,0.34423440842518277,0.5703576315990021,149.36565012371975,299.481458142769
0.062327899254209784,0.593140388455376,0.7706383050325433,0.8649491803200324,0.6545562114548729,0.03561310441337979,1.0041534734670683,0.9439592881394124,0.41746208269212837,0.9171036214143178,61.20533471486849,625.1155127354124
0.9558626348709459,0.5669270607698079,0.736415570874047,0.8975677054040704,0.3326618357614189,-0.020135482990105126,0.3222277747279939,0.5258030361197507,0.3645783351888735,0.7664346841880396,460.24841997509816,8.546555979122694
0.08853493434464159,0.6845891441517767,0.3695859151322546,0.3734498749451932,0.6632476986648805,0.3061128784305745,0.7728075262517725,0.8430639938916853,0.19659425658735868,0.8348014220516115,3.877944292762656,383.56736515689994
-0.00550299531325673,0.14171393849186334,0.5532175560306472,0.013482173947513193,0.3320224658459854,0.08555183146391127,-0.12966769348534823,0.2990691863114411,0.5157874846800058,0.34429212524182595,19.73635193718033,443.2486125339229
-0.025181430050201375,0.6514877557887481,0.41148089463650633,0.9529601503852015,0.2678435281339324,0.31016101931216,0.6558389371737613,-0.035269440890538725,0.8068386958343717,0.47793951029979426,54.392611444373216,411.3312057688779
0.9329883749518059,0.9330481966917352,0.5437445722001364,0.8332156894639186,0.45250560033925624,0.7125488653888533,0.3432104072544158,0.27151082010919314,0.5859295593691706,0.8057536494548247,487.17874444530855,10.92027364844852
0.24382311267839002,0.3473684290362809,0.7792421277651576,0.5967568497955675,0.10998049249175695,0.7034680717961629,0.3189619617925295,0.19468010532870544,0.6016959833023099,1.0099819241928525,116.33995806697843,228.45657870540816
0.36177885052873743,0.37045861072150377,0.21111391105303223,0.44364627738912105,1.0177663855228538,0.8924690468561336,1.0462880848740739,0.5758027327207622,0.331043891219747,0.14004129358850229,249.87173825868337,164.7820884806491
0.5959269690137642,0.4443255979493781,-0.04093010750526534,1.0502438364679576,0.8468832676160148,0.6342333940482456,0.7503950776639341,0.6611767711179966,0.7415411770695896,0.36438279440229443,406.8941443798349,83.8560552096038
0.39981295309041975,0.7044407091654142,0.10193059593573028,0.29225803681107937,0.3491867434514777,0.2929074186331143,0.3409963995224402,0.769602345149638,0.919661785054793,0.03170369931620959,320.7601082504249,168.64996751655138
0.5892882210274772,0.9990366599626527,0.5346324358062327,1.0220523553810776,0.27681689937201115,0.5454225316223561,-0.08889417212962847,0.10568285336068968,0.12654430604173794,0.669776446329067,384.39497031800903,118.32463778306855
0.24774820818760598,0.8720031234599153,0.46399581952247854,1.1677948991317364,0.6311782235760083,0.12291210114461516,-0.01696363891257835,0.38042177852248865,0.9291979622901427,0.2255800817974937,155.24167051024585,360.45947721444674
0.362106479194684,0.8381747097589245,0.6408393684083347,0.3322147424500108,0.15057490700679255,0.9650159118009918,0.22662198525455884,0.7118143471009521,0.6379462668711962,0.9157985051910336,368.3726822821505,169.0728766074457
0.7383961642332384,0.6787223056709887,0.3090159598904101,0.0655987000355893,0.911169521553472,0.5254745247642616,0.28191661986515726,0.7559251294811352,0.47648374315888836,0.7256475624030359,338.50133245443664,76.0654300757294
0.4313218840230579,0.45837798816175357,0.42112781322991044,0.7612002949629489,1.004760096862944,0.35986997323660835,0.6822205399823156,0.3263934732919552,0.6552059574061332,0.7304397357682789,114.58135901861195,187.15957407404798
0.35080194533577347,0.6630297640928647,0.2955073906977532,0.5283286294583075,0.16203145559634902,0.05300121034217205,0.11006725818279577,0.011106077615631066,0.3480401210594881,0.8225219916728842,275.2146667528316,167.31879900941132
0.21685510364898836,0.7475747801635589,0.09843908285613841,0.9979534544269095,0.7195272795415607,0.9680165123905817,-0.07972770785710265,0.8850176149202721,0.3376228032196619,-0.06929964595993506,18.843734884822315,578.2880328436236
0.4610709494598082,0.8563724783001861,0.6609619596924736,0.4090001018595165,0.3127354180500076,0.8413353358662925,0.9154544510973612,0.6498146766656132,0.6922539140852138,0.9881051756039283,289.88675280901066,170.62156302357232
0.6561765045194294,0.6478098809617997,0.291473510310718,0.8911811498297276,0.753792375185897,0.6297278297044494,0.25631564369622484,0.5749387774646296,0.6048849938985102,0.6454028891456801,214.49198369701747,118.12347487618533
0.18999385723538886,0.5253057069574878,0.7263516235758339,0.8235669570205364,0.7316276292506244,0.10104580748800418,0.3438846145471154,0.6063041760714716,0.18353318246286493,0.757446002070476,139.26763461861023,412.54620123435217
0.28386593098468416,0.6970622179064697,0.9286383360367751,0.7965323096282404,0.6125855862825748,0.3618281569627405,0.8952859727565236,0.7151067400938168,0.3027500398964855,-0.0460302674743052,206.72823282973354,443.7772346010271
0.46199915422506604,0.2646508254949278,0.6579849365182319,0.266605484135804,0.5330835531197791,0.37686465224995896,0.3523926536991103,0.5936306491457575,0.7293601222222158,0.542433346120432,265.4124771701772,189.31070720622247
0.5916533122628217,0.7483660722686101,1.0108976485173955,0.3117628039318756,0.7287066532167783,0.043283487461261066,0.5634032050923994,0.7893277815839824,0.6301072128480705,1.0781450092187095,269.0359648183646,91.93752767451342
0.07775756416879681,0.11531052820410208,0.9680151077158814,0.10064708233819153,0.7874551916592875,0.6581273371476741,0.7627463140616075,0.9208101015194033,0.8142082849630967,0.7225944393927897,8.826652745763713,363.7470323722843
0.022303574535671028,0.8594563342477167,0.8636967118537704,0.8283226107270976,0.054516851950144676,0.7707545993667417,0.18633542342033715,0.7915565953761967,0.3544335326402492,0.8979491859501174,58.028287991165065,571.5635322762785
0.6124671036718347,0.19183388717167088,0.8365938833461477,0.6227722356311192,0.18840844723624064,0.004088412181445969,0.1334094206281256,0.21610285993158265,0.27625158872953176,1.0040772641579814,392.3395576000394,109.3972654973106
0.23420075304693005,0.5227317402578159,0.28347311081427246,0.5140731025395827,0.05771193026897328,0.6982343237314619,0.5041503465992687,0.9084238031123972,0.747328263142044,0.8868788611894995,313.7345356802966,412.82168588443517
0.32162772183704436,0.9811919690315882,0.12806399342657102,0.06883475742272586,0.7090834272389138,0.3039903914152102,0.8434643954478558,0.6043613803417218,0.41802022545280415,0.41844704699233926,153.48545676017952,486.2517922032265
0.2961618040713117,0.6453875680711527,0.2309732683836804,0.6742812250790662,-0.07221641746789867,0.9703835236444739,0.8585539015939397,0.08556981496488246,0.971869307607424,0.6888670480900045,140.0998587382029,385.5923483898011
0.29808774022953477,0.3454648579548753,0.7384276744175916,0.7298614448850689,0.23484116661701898,0.7203710852504167,0.4382535592556007,0.9365178140615614,0.07160080690954011,0.5291606495068156,56.86099202166336,384.53975950825156
0.2915968385127192,0.3623005392527161,0.08994210384371548,0.2547488512370509,0.26991871746356455,0.013963479986937088,0.0804081375777554,0.3293117009271974,0.3242320254853799,0.5723246249651119,75.12594000247367,266.6501467527233
0.13132757617749352,0.4611443925135228,0.7012593427567366,0.03316638144830644,0.7403697616028079,0.9918740657788128,0.5136770649598769,0.7167107736997534,0.8391955715062924,-0.0601024410343611,138.86070875842535,354.54674580156865
0.2135438996820887,0.30234936282211494,0.5515908551249552,0.7624569710387351,0.6153635533842109,0.6790315915455608,0.9225125516368361,0.6752241355987709,0.7771175572925495,0.12189403049056466,130.3263392576954,352.2026851436937
0.4350332559559542,0.6790665572979943,0.038390978299883693,0.1107617625985333,0.6666984620711082,0.08547154482491247,0.07611100474675592,0.5512896267022055,0.08517446069468367,0.7222967223858554,195.26385758925682,260.17861664198284
0.31762320243159414,0.3674691912312329,0.8098638386450997,0.13344320925538655,0.6771324129850395,0.8213416218762568,0.15278071186216569,0.23878589437833259,0.7923556361678544,0.12925997481480328,243.7066642904353,271.6971387573332
0.7776659757615251,0.284794316951312,1.1907014092986707,1.056124771920171,0.14175678645017317,-0.02799082344657432,0.49069225480045653,0.05840721353011055,0.23118456648136793,0.7465461525418604,304.1404421511674,109.63437296736328
-0.12520453024556283,0.2899667215205207,0.7357928363648281,0.24425289307873627,0.22363427818213066,0.8096112516438313,0.5092382330397808,0.301860371441954,0.8925786219814126,0.7354583181776793,2.921623456729514,440.069657377002
0.5933889447035845,0.40843592964673564,0.15449754858141626,0.5154206880286003,0.8955446782174965,0.01734618105091642,0.8671395335564268,0.9769848445546405,0.07267986924017644,0.910163543219985,537.2361685197068,127.94960746512662
0.24501475211030574,0.6629350759181032,0.6367592451340418,0.8928508466879931,0.12745174367118597,0.7159325285284548,0.7880832171071318,0.4333641935918793,0.9090445634719306,0.471941903950981,91.821327876294,437.8123464783915
0.4768000420970713,0.3671132660282978,0.3137182429766035,-0.016043214049251592,0.624634779943072,0.45068456161084564,0.9138645629012276,0.07965936327397591,0.4202146827428437,0.8418043123604156,283.1004941876698,194.2973901336995
0.3471449519130508,0.5159945092114839,0.03668072758021682,0.236522726153055,0.4632680823141002,0.7166892744584965,0.28529753044257955,0.40575312301796707,1.0281092282571815,0.8376468439196978,272.9880227130596,264.7271053399029
0.5559531938614579,0.7773714818559805,0.9704366018337849,0.34789663648758407,0.377245536842205,0.32688105683453184,0.09247040421508054,-0.038853920854515035,0.7920498907481726,-0.012358683448410429,98.2921806735282,203.19737212204785
0.2782510857029142,0.8071410499015108,0.647437052212296,0.5344514366019044,0.9736945526122451,0.21816822292967072,0.47783799150416445,0.20823072795571465,0.8676290493531463,0.9061284724499051,218.32579095184792,362.1897927224821
0.9289163768469902,0.928328158846634,0.3493932200241329,0.3421312747299801,0.1334660097137502,0.5781687200800528,0.17161394938443214,0.1966731305465198,0.16341560025200152,0.961523267817094,335.51603805754064,4.19332933018307
0.8913850738155781,0.45829821668922577,0.20060937026417738,0.441342085858783,0.8595414516651878,0.11366658717555417,1.0690927391103562,1.119663516535787,0.8079133192689063,0.97695163887419,590.5083062560481,43.39076047012294
0.7471029763582039,0.794963264054375,0.9076424523679248,-0.029163663216829436,0.531576680164509,0.3865933123387514,0.2598485172905371,0.49414621909981743,0.6046656006468375,0.8548638984621447,359.0557941259163,53.7830987133929
0.24743652145174008,1.0712147520135322,0.15642307301213712,0.8944302706015661,0.33109961304992475,0.807474013009529,0.35473731418554433,0.5721041493706165,0.8817846588310301,0.3437021147947383,118.86654789418219,337.12256840635547
0.2278845882083841,0.6875149172317184,1.1042542065345935,0.18593202182980373,0.21834495869399229,0.7846914848134559,0.8967809208077062,0.7497770913704703,0.5459035402914848,0.8826345130720423,51.36096113330207,418.51779242961464
1.1308024322849608,0.9716886371972633,0.16217634881372622,0.26478065870892087,0.9636027311271456,0.8278273809922707,0.9071518845731767,0.07577562581831318,1.0114508713713783,0.4558942325515014,327.0949040096634,1.3117886108699313
0.7444564071441722,0.6538236073121986,0.48447814870629524,0.6598990172942133,0.46654091655914165,0.5490593373139728,0.9951635662981702,0.7564515097319586,0.26029428752866257,0.48889928010478345,267.21529649522137,11.336771612144426
0.38140572004675527,0.6652919419057217,0.6363120158345995,0.9494356512803029,0.7849453480335397,0.9696573874763075,0.4762552051328624,0.6764369492458957,0.2949877148361486,0.6424704160280672,194.65680462630144,271.3478524110602
0.10693104131257847,0.9295732629093987,0.8830726469931035,0.005549825523242055,0.5678465426298467,0.9696296715973528,0.5517938449949901,0.31531602387094376,0.8897623669948816,0.2691091770018663,32.77939509112925,502.280180492277
0.5979588442151176,0.419109821416521,0.1976885968916533,0.15925167212488914,0.5139607497706404,0.43225971922247364,0.305262816707383,0.33909063345011775,0.6518467975396779,0.9182731239340777,334.97854489165513,342.9522576258146
0.1192230543619395,0.6202993100913622,0.4156463826507863,0.3045946141987807,0.6009244538326652,0.968373893072197,0.6213346302927728,0.5983411733971655,0.9529912937368048,0.44588047374389966,26.181112940322254,442.3265818304502
0.4988381207753722,0.6138870414634451,0.8323193502493788,0.5724242242426741,1.0334360864886325,0.78242872343179,0.5053392489733746,0.15511738494688576,0.9163725237772316,0.5977362891016798,294.30948814453524,377.7246100848372
0.42829135292511955,0.7792373735373455,0.5067442901535789,0.2763920924339784,0.10914391527769535,0.7521722928555873,0.11086067849896182,0.19768466428169718,0.032734347495056756,0.18110615804301639,286.0143660856004,270.78000230902387
0.5629360564123405,0.7960478612757974,0.1896716002736777,0.6602096422661876,0.3971881585768211,0.07998848995998135,0.43943844168162777,0.8844693962160028,0.5833927875813926,0.4983787623707219,506.00205235145506,166.67619285092889
0.45185754305675574,0.40368589707393465,0.6182227326084136,0.6596301639653981,0.11704198342288098,0.5850129694637842,0.687867095010407,0.5105946164321177,0.4946750677191823,0.1503378728270337,219.5373956593341,230.16314810831489
0.47093220839900574,0.6394613807014976,0.6062422031467223,1.003311963713266,0.03711825394876055,0.33118563229949893,-0.13336598613213776,0.5470748417631838,0.14238923786531404,0.7827954772386296,336.3210526306634,257.14250931507985
0.5427482941812969,0.6743990582508725,0.043807128543923185,0.11772377244446118,0.7453806501950115,0.26469551630341714,0.220339922158362,0.5544189072312791,0.3345399306621336,0.5543972140484497,247.02180262880393,213.09388026588925
0.1453237811433728,0.605370329583707,0.3731334535400369,0.292483063755556,0.5949342367364233,0.6602614398202395,0.40702653666366495,0.14382521469868131,0.4657674166045842,0.2415408835141079,77.16536611989025,259.91555710936456
0.31763223191553913,0.8450112322635907,0.3909583692317342,0.2664942676317756,0.49225735351969013,0.5143124156724789,0.17692099262388328,0.4274489063351526,0.27818301490383923,0.4991453950370216,132.43423950032656,248.40161667601217
0.6259076886165624,0.5693415157499853,0.7196395479452024,0.2274796692023512,0.9850808309886927,0.7295024181190759,0.3113377109660848,0.4898043880331603,0.6378803959015116,0.9332898519390672,488.9255029492414,75.23703084589317
-0.007057932024885512,0.7910953828052482,0.19661155428585886,0.11656166539144686,0.8319019825356324,-0.009297870967072873,0.7656229747261509,0.7074045283734729,0.6921599557249225,0.3947395644194479,24.777107995252532,610.2241677177719
0.4744892870393178,0.8791079751012773,0.5589951387688815,0.8516058386353836,0.985159326316152,0.15420612970605174,0.5149706678816488,0.10243416049698692,0.628606936759896,0.33552072822714984,293.26880830047224,115.43874984262756
0.28307324454745586,0.4955803400843366,0.8102646846541967,0.30739461794364975,0.5690297520139366,0.360943497707532,-0.09993953340919003,0.1974132971560704,0.6901695320919753,0.6501324526610129,175.71287766520197,252.13258526433904
0.7783733146801373,0.47926865850698225,0.36187206608595507,0.8309309718957725,0.6843814701461619,0.9804635886712215,1.0195184450455534,0.7917568553911881,0.1580402109982644,0.06812739509403276,365.6393384800669,50.87487693222389
0.27667456630791143,0.567413151222747,0.4573781929969864,1.1194182332289095,0.21878998916250203,0.45212401301509164,0.38293069215873254,-0.06513147012142599,0.2750580632242533,0.6157567542016434,97.23753373707122,466.8431993077444
0.6723711495665752,1.0417283717537122,0.8880771197884145,0.4835121899482547,0.9603652090544029,0.7478811728958924,0.4628698256077899,0.43313635367917,1.0196904825597464,0.0671465382363515,187.28781301053715,21.17318192072877
-0.020739678203385053,0.23614663474813352,0.2195787062193957,0.17859113754472916,0.16365415052666213,0.5918876408899546,0.7435641947849632,0.4705093267771953,-0.015323996769614996,0.5134405244796325,18.460720787161204,336.9356760004822
0.460017795405716,0.7513018958899789,0.3882050816058479,0.6394105488973518,0.37639091068964164,0.29600255874351133,0.7227946532889225,0.4360346683718015,0.7561855288925602,0.167269238649025,366.3412205970768,209.44756382578794
0.6234388566805191,0.5764600542398245,0.30267245729318487,0.11738316558930131,0.13279195530443327,1.0633306065915802,0.16858396178548865,0.5935852368937766,0.14636066657738345,0.20022980082962538,250.74718806984404,74.53110535820905
0.5873198229632894,0.7707663719985864,1.0254755134080906,0.7114922301896599,1.079149226920153,0.4701195111733616,-0.08200249353506653,0.21997862059777373,0.7555391681600675,0.05554573472612112,267.4348780337649,194.00985728811278
0.3463520334320862,0.774739675778473,0.5568790635409836,0.596550661889581,0.7433763623971376,0.7381270090772062,-0.27452749960171885,0.6746285628106571,0.8544614644000575,0.6338629286023811,146.23968521711376,345.0798885695688
0.49998734339305584,0.7043644383090134,0.23369687967768926,1.0307892309739695,0.351737607575736,0.4989443661962872,0.5365300294595086,1.1568050158570045,0.3890112208324066,0.012327452924576932,219.79419817440598,279.6025775177551
0.8126820698530488,0.6297818167775933,0.5159679222122338,0.8953121594731163,0.4444165617421896,0.8477053230787851,0.5485582719918012,1.025259824543331,0.622270911801545,1.0002316236529305,424.4685586262586,45.00790595317586
0.4182113557896854,0.4274464116637565,0.9054444246481858,0.11563002319747509,0.40763202731532683,0.476909428357887,0.11549261237927536,0.8532588847626755,0.28354760929812395,0.7859436208639914,212.9677532791519,299.76414321430303
0.9390095436512983,0.4183543979902038,0.5936324426408999,0.2532072363681233,0.6481636199025694,0.9377694759647133,0.7075211637843543,0.2853455102626272,0.7545369632086665,0.6330039540219645,328.69859338320725,9.14182749961423
0.8054492507778428,0.5384562652259732,0.9716325406988044,0.6035907764289348,0.002367127730869542,1.0715936163374449,0.15021192240843295,0.49625665282293513,-0.047508819943394565,0.7491889865434366,363.6438998888098,113.58659756321593
0.6951292057063542,0.4593919681840255,0.5963143964320585,0.24799720261096783,0.44469581600017083,0.30358447055431353,0.16002554685180728,0.2802975869297334,0.046574975171701935,0.5144649246092059,384.8820719772534,56.092307452080156
0.4664260604043541,0.6765665930668037,0.5487316587331573,0.8691775006677465,0.22247720545845107,0.48722501239983035,0.3622542295950033,0.02853634974265755,0.35796121899885003,0.24472139397498657,298.99117008453464,179.25694939563402
0.7606747869830401,1.002141385667574,0.783585033268167,0.3836321289040222,0.3972179721972495,0.15196349859640373,0.29468579674475825,0.7285023595321285,0.8525055500500475,0.15372147609381465,535.0675613791965,31.79028935812496
0.7394464743169457,0.49849354203651064,0.6160342117110169,0.1697636638069478,0.3529242925351397,0.23075874308750596,0.01749373896481075,0.4663019868260909,0.08085172771592058,0.24947987229702803,522.5089087558919,24.73371115458046
0.32624535423318274,0.03763855188742676,0.4628425348237284,0.4251990871968614,0.04487583634386632,0.3801729769119327,0.1397011254971225,0.5943612070841086,0.036991217353023464,0.4203408256898047,56.311642020660365,517.2486918173747
0.6214383960643268,0.06392991492631281,1.0951096888418008,0.6704427873830799,0.9284035221594413,0.6384935966089199,0.7582810735316515,0.8151797175707398,1.0095920857376246,0.01665263631391605,377.1354989681429,139.98412338291033
0.458723240472761,0.8567303181137043,0.42523738509639325,0.14458158491581993,-0.017441353226531984,0.8059542424203792,0.1300616024858712,0.12458000495764837,0.12881942524405549,0.6397182845943438,358.80792496125343,270.9288871669669
0.6133908819610795,0.8209547927399491,0.3267035490353734,0.3874032754022876,0.12849107308329344,-0.04088837055599155,0.8433150635135374,-0.055893108344079415,0.977700752158914,0.7308761495523955,239.85310983020415,76.9605777098122
0.6175344969050465,0.3026313571261246,0.5267716914795303,0.6042691959610859,0.16868616232791947,0.43332045830911203,0.5590476972012112,0.452237566147072,0.5146821793116346,0.23124470038923423,275.72350039354296,231.54016826569298
0.03425840265404129,0.35660980014891985,0.6700098497807622,0.015665378969484132,0.7309838643962244,0.203189724883453,0.7203293058090624,0.40044400789960505,0.2632177315532057,0.22725675210650875,174.80588758401746,320.7991283399712
0.09383694528666818,0.6541184528447531,0.070364067880957,0.22396141731711322,0.14521603542540532,0.495766008205905,0.08181281272302802,0.29759983845357646,0.695607706567913,1.062248400247537,57.736777405877945,462.78511942710236
0.9774616732467646,0.48258004859415865,0.5315888648248899,0.9647185963579538,0.6431520703282706,0.2641753561923354,0.7256480689710154,0.006471992896546361,0.24781244613921774,0.12193148709377893,585.812511703952,9.257652688446479
0.2871102147166077,0.6711902646723865,0.5055101844299977,0.20108187093087324,0.2562884068460815,0.7104945942145215,0.12029055704270596,0.4056902858362513,0.4160575309376854,0.13565786876073643,249.5063311488189,229.74080341525186
0.7690161085791336,0.3853896658970673,0.8298241422881165,0.731481936178741,0.6810709349358539,0.3704819917124604,0.09887104768810166,0.7322943804488496,0.3107770847892156,0.2415028667797387,433.33691155209556,87.90436044231139
0.1832432151138963,0.8248411434869731,0.7820371327317032,0.5260780434221255,0.93182819020706,0.26525248200423124,0.17252073543442467,0.8996928650867985,-0.0709055463874087,0.6759544167317141,268.54346678554947,398.062465592077
0.1334587253303399,0.9141443639749646,0.06874228210428557,0.4349540069053699,0.7920760007226711,0.1847435959507919,0.9992857234620847,0.9975527917596901,0.5949613424856385,0.1562568639729453,18.83416387777246,373.1742748775656
0.22324940023944734,0.41134647170390376,0.7737796859765201,0.40321238340589133,0.49698347257756703,0.796185343979317,0.21250521482217122,0.374963455603572,0.46010609365722793,0.3187753332501843,64.58419224416085,352.03263828984495
0.5541276271713594,0.8789225378267637,0.07921645135132124,0.517979726114328,0.4629462302641626,0.5905929883267764,0.5077409138300191,0.837357283991372,0.7350212571370791,0.10490441359264643,377.7009361934143,95.68084535994588
0.8307281970564999,0.4414108026489948,0.016854312393517215,0.3040184543734612,0.7499195414302241,0.6604116360543507,0.9213490308276271,-0.09090828448091962,0.8872585287119347,0.6443089653530932,620.6528291701061,58.05407349238904
-0.07257031286414528,0.5696110432022254,0.6058168108269433,0.8651985596733376,0.934334263041486,0.5066307194227948,0.8317780668210232,0.1605314197117514,0.8933981747254263,0.26210442039597265,64.32859618053675,377.59599573075667
0.6804533051299669,0.30991468575608755,0.7815842287335087,0.24418159507951828,0.06996696409433012,1.0532068954778804,0.5867686727779512,0.818102225375703,0.058408380507448274,0.38416326172209836,425.84839853543883,164.05054155521253
0.885356949188574,0.9782544181471987,0.2074958868176967,0.17342439795874742,-0.016550916831229306,0.5125224746366326,0.2899447195405489,0.8822288563563548,0.45080748696954615,0.19368724301930806,286.1413893678664,92.08493294171559
0.11358663027149124,0.4657351408702834,-0.014992013744460145,0.8327246061375774,0.9228451883887775,0.3383183104078763,0.9143518449204973,0.24336212893701192,0.12837997000026136,0.14275729905455603,75.79202545785711,588.2430719137751
0.7061831633459907,0.6955545010871564,0.7789422881968081,0.12122729700634342,-0.05015654324794466,0.160294681876914,1.0730137188255258,0.37198268863665085,0.5541683266656128,0.8589935280043001,512.3941315850867,149.26804357218703
0.3782068244776162,0.8504134386513109,0.2739026766090436,0.8466566752097331,0.0905485627534726,0.7983833155740486,0.6909681434296784,0.3426211455008582,0.762636981887339,0.38788415179997915,289.05581407982487,449.0874242782693
0.7788761753767253,0.5955627578438387,0.23248069490926118,0.43058609563151296,0.6967997490560129,0.9026489900991872,0.5408786359517037,0.38352536659687075,0.27510659357877476,0.583115793453737,155.3457057329363,19.317200874360996
0.32601632136309067,0.6516840037704846,0.11619452787874866,0.041516540239574365,0.2487195250982815,0.7717467270587898,0.7713745690929865,0.40712442010077077,0.46537676637912806,0.16512751032863016,336.34523631509,268.584011489062
0.5091606846258389,0.2582337730900186,0.23368447048638438,0.8598703622247357,0.43152023418123014,0.059289851776305344,0.5935823718221211,0.840413758478549,0.5124470104621692,0.17040272336912995,386.41996314152,251.0736764611978
0.41439481245970683,0.3501388697726625,1.0167762095713577,-0.04876833693910686,0.38732763006503373,0.9476091868672338,0.503874384414403,0.9448655755029762,0.2771356440857483,-0.016287678667489675,169.16896088631842,305.03078190485337
0.48504060144913486,0.5799200515307598,0.7785134655277015,0.24547950922272366,0.47003074448687054,0.601755670916333,0.5573616519746455,0.4375669297248032,0.21571944511381522,0.6658842988514464,198.6151734332004,196.01176432525133
0.3970637932361056,0.6552666324772045,1.0086772697071327,0.9974569947139373,0.3764450287007506,0.883125329859607,0.18141275974258184,0.9469272822907912,0.5657777819940666,0.2101130432803485,91.55410426466894,230.20597492368526
0.397407342788378,0.3812701066960003,0.44008084970903305,0.6225169592438876,0.41743783847587596,0.7168701009349461,0.3486457782183766,0.19378006920629987,0.5824565858650789,0.9511601064618883,264.7666323100421,196.67903330630486
0.44024395261452426,0.669756627481953,0.2574916775336029,0.06764571182740116,1.0554427055771636,0.8237012593403823,0.7074473050448423,0.5705990527838023,0.2520278384695077,1.1141633737195753,183.11197273372355,209.48599936120164
